PID PPID PGID PSR %CPU %MEM RSS STAT COMMAND
1 0 1 47 0.5 0.0 12912 Ss init
2 0 0 92 0.0 0.0 0 S [kthreadd]
3 2 0 1 0.0 0.0 0 S [pool_workqueue_release]
4 2 0 0 0.0 0.0 0 I< R-rcu_g]
5 2 0 0 0.0 0.0 0 I< R-rcu_p]
6 2 0 0 0.0 0.0 0 I< R-slub_]
7 2 0 0 0.0 0.0 0 I< R-netns]
10 2 0 0 0.0 0.0 0 I< 0:0H-events_highpri]
12 2 0 0 0.0 0.0 0 I< R-mm_pe]
13 2 0 0 0.0 0.0 0 I [rcu_tasks_kthread]
14 2 0 0 0.0 0.0 0 I [rcu_tasks_rude_kthread]
15 2 0 0 0.0 0.0 0 I [rcu_tasks_trace_kthread]
16 2 0 0 0.0 0.0 0 S 0]
17 2 0 90 0.1 0.0 0 I [rcu_preempt]
18 2 0 0 0.0 0.0 0 S 0]
19 2 0 0 0.0 0.0 0 S 0]
20 2 0 0 0.0 0.0 0 S 0]
21 2 0 1 0.0 0.0 0 S 1]
22 2 0 1 0.0 0.0 0 S 1]
23 2 0 1 0.0 0.0 0 S 1]
24 2 0 1 0.0 0.0 0 S 1]
26 2 0 1 0.0 0.0 0 I< 1:0H-events_highpri]
27 2 0 2 0.0 0.0 0 S 2]
28 2 0 2 0.0 0.0 0 S 2]
29 2 0 2 0.0 0.0 0 S 2]
30 2 0 2 0.0 0.0 0 S 2]
32 2 0 2 0.0 0.0 0 I< 2:0H-events_highpri]
33 2 0 3 0.0 0.0 0 S 3]
34 2 0 3 0.0 0.0 0 S 3]
35 2 0 3 0.0 0.0 0 S 3]
36 2 0 3 0.0 0.0 0 S 3]
38 2 0 3 0.0 0.0 0 I< 3:0H-events_highpri]
39 2 0 4 0.0 0.0 0 S 4]
40 2 0 4 0.0 0.0 0 S 4]
41 2 0 4 0.0 0.0 0 S 4]
42 2 0 4 0.0 0.0 0 S 4]
44 2 0 4 0.0 0.0 0 I< 4:0H-events_highpri]
45 2 0 5 0.0 0.0 0 S 5]
46 2 0 5 0.0 0.0 0 S 5]
47 2 0 5 0.0 0.0 0 S 5]
48 2 0 5 0.0 0.0 0 S 5]
50 2 0 5 0.0 0.0 0 I< 5:0H-events_highpri]
51 2 0 6 0.0 0.0 0 S 6]
52 2 0 6 0.0 0.0 0 S 6]
53 2 0 6 0.0 0.0 0 S 6]
54 2 0 6 0.0 0.0 0 S 6]
56 2 0 6 0.0 0.0 0 I< 6:0H-events_highpri]
57 2 0 7 0.0 0.0 0 S 7]
58 2 0 7 0.0 0.0 0 S 7]
59 2 0 7 0.0 0.0 0 S 7]
60 2 0 7 0.0 0.0 0 S 7]
62 2 0 7 0.0 0.0 0 I< 7:0H-events_highpri]
63 2 0 8 0.0 0.0 0 S 8]
64 2 0 8 0.0 0.0 0 S 8]
65 2 0 8 0.0 0.0 0 S 8]
66 2 0 8 0.0 0.0 0 S 8]
68 2 0 8 0.0 0.0 0 I< 8:0H-events_highpri]
69 2 0 9 0.0 0.0 0 S 9]
70 2 0 9 0.0 0.0 0 S 9]
71 2 0 9 0.0 0.0 0 S 9]
72 2 0 9 0.0 0.0 0 S 9]
74 2 0 9 0.0 0.0 0 I< 9:0H-events_highpri]
75 2 0 10 0.0 0.0 0 S 10]
76 2 0 10 0.0 0.0 0 S 10]
77 2 0 10 0.0 0.0 0 S 10]
78 2 0 10 0.0 0.0 0 S 10]
80 2 0 10 0.0 0.0 0 I< 10:0H-events_highpri]
81 2 0 11 0.0 0.0 0 S 11]
82 2 0 11 0.0 0.0 0 S 11]
83 2 0 11 0.0 0.0 0 S 11]
84 2 0 11 0.0 0.0 0 S 11]
86 2 0 11 0.0 0.0 0 I< 11:0H-events_highpri]
87 2 0 12 0.0 0.0 0 S 12]
88 2 0 12 0.0 0.0 0 S 12]
89 2 0 12 0.0 0.0 0 S 12]
90 2 0 12 0.0 0.0 0 S 12]
92 2 0 12 0.0 0.0 0 I< 12:0H-events_highpri]
93 2 0 13 0.0 0.0 0 S 13]
94 2 0 13 0.0 0.0 0 S 13]
95 2 0 13 0.0 0.0 0 S 13]
96 2 0 13 0.0 0.0 0 S 13]
98 2 0 13 0.0 0.0 0 I< 13:0H-events_highpri]
99 2 0 14 0.0 0.0 0 S 14]
100 2 0 14 0.0 0.0 0 S 14]
101 2 0 14 0.0 0.0 0 S 14]
102 2 0 14 0.0 0.0 0 S 14]
104 2 0 14 0.0 0.0 0 I< 14:0H-events_highpri]
105 2 0 15 0.0 0.0 0 S 15]
106 2 0 15 0.0 0.0 0 S 15]
107 2 0 15 0.0 0.0 0 S 15]
108 2 0 15 0.0 0.0 0 S 15]
110 2 0 15 0.0 0.0 0 I< 15:0H-events_highpri]
111 2 0 16 0.0 0.0 0 S 16]
112 2 0 16 0.0 0.0 0 S 16]
113 2 0 16 0.0 0.0 0 S 16]
114 2 0 16 0.0 0.0 0 S 16]
116 2 0 16 0.0 0.0 0 I< 16:0H-events_highpri]
117 2 0 17 0.0 0.0 0 S 17]
118 2 0 17 0.0 0.0 0 S 17]
119 2 0 17 0.0 0.0 0 S 17]
120 2 0 17 0.0 0.0 0 S 17]
122 2 0 17 0.0 0.0 0 I< 17:0H-events_highpri]
123 2 0 18 0.0 0.0 0 S 18]
124 2 0 18 0.0 0.0 0 S 18]
125 2 0 18 0.0 0.0 0 S 18]
126 2 0 18 0.0 0.0 0 S 18]
128 2 0 18 0.0 0.0 0 I< 18:0H-events_highpri]
129 2 0 19 0.0 0.0 0 S 19]
130 2 0 19 0.0 0.0 0 S 19]
131 2 0 19 0.0 0.0 0 S 19]
132 2 0 19 0.0 0.0 0 S 19]
134 2 0 19 0.0 0.0 0 I< 19:0H-events_highpri]
135 2 0 20 0.0 0.0 0 S 20]
136 2 0 20 0.0 0.0 0 S 20]
137 2 0 20 0.0 0.0 0 S 20]
138 2 0 20 0.0 0.0 0 S 20]
140 2 0 20 0.0 0.0 0 I< 20:0H-events_highpri]
141 2 0 21 0.0 0.0 0 S 21]
142 2 0 21 0.0 0.0 0 S 21]
143 2 0 21 0.0 0.0 0 S 21]
144 2 0 21 0.0 0.0 0 S 21]
146 2 0 21 0.0 0.0 0 I< 21:0H-events_highpri]
147 2 0 22 0.0 0.0 0 S 22]
148 2 0 22 0.0 0.0 0 S 22]
149 2 0 22 0.0 0.0 0 S 22]
150 2 0 22 0.0 0.0 0 S 22]
152 2 0 22 0.0 0.0 0 I< 22:0H-events_highpri]
153 2 0 23 0.0 0.0 0 S 23]
154 2 0 23 0.0 0.0 0 S 23]
155 2 0 23 0.0 0.0 0 S 23]
156 2 0 23 0.0 0.0 0 S 23]
158 2 0 23 0.0 0.0 0 I< 23:0H-events_highpri]
159 2 0 24 0.0 0.0 0 S 24]
160 2 0 24 0.0 0.0 0 S 24]
161 2 0 24 0.0 0.0 0 S 24]
162 2 0 24 0.0 0.0 0 S 24]
164 2 0 24 0.0 0.0 0 I< 24:0H-events_highpri]
165 2 0 25 0.0 0.0 0 S 25]
166 2 0 25 0.0 0.0 0 S 25]
167 2 0 25 0.0 0.0 0 S 25]
168 2 0 25 0.0 0.0 0 S 25]
170 2 0 25 0.0 0.0 0 I< 25:0H-events_highpri]
171 2 0 26 0.0 0.0 0 S 26]
172 2 0 26 0.0 0.0 0 S 26]
173 2 0 26 0.0 0.0 0 S 26]
174 2 0 26 0.0 0.0 0 S 26]
176 2 0 26 0.0 0.0 0 I< 26:0H-events_highpri]
177 2 0 27 0.0 0.0 0 S 27]
178 2 0 27 0.0 0.0 0 S 27]
179 2 0 27 0.0 0.0 0 S 27]
180 2 0 27 0.0 0.0 0 S 27]
182 2 0 27 0.0 0.0 0 I< 27:0H-events_highpri]
183 2 0 28 0.0 0.0 0 S 28]
184 2 0 28 0.0 0.0 0 S 28]
185 2 0 28 0.0 0.0 0 S 28]
186 2 0 28 0.0 0.0 0 S 28]
188 2 0 28 0.0 0.0 0 I< 28:0H-events_highpri]
189 2 0 29 0.0 0.0 0 S 29]
190 2 0 29 0.0 0.0 0 S 29]
191 2 0 29 0.0 0.0 0 S 29]
192 2 0 29 0.0 0.0 0 S 29]
194 2 0 29 0.0 0.0 0 I< 29:0H-events_highpri]
195 2 0 30 0.0 0.0 0 S 30]
196 2 0 30 0.0 0.0 0 S 30]
197 2 0 30 0.0 0.0 0 S 30]
198 2 0 30 0.0 0.0 0 S 30]
200 2 0 30 0.0 0.0 0 I< 30:0H-events_highpri]
201 2 0 31 0.0 0.0 0 S 31]
202 2 0 31 0.0 0.0 0 S 31]
203 2 0 31 0.0 0.0 0 S 31]
204 2 0 31 0.0 0.0 0 S 31]
206 2 0 31 0.0 0.0 0 I< 31:0H-kblockd]
207 2 0 32 0.0 0.0 0 S 32]
208 2 0 32 0.0 0.0 0 S 32]
209 2 0 32 0.0 0.0 0 S 32]
210 2 0 32 0.0 0.0 0 S 32]
212 2 0 32 0.0 0.0 0 I< 32:0H-kblockd]
213 2 0 33 0.0 0.0 0 S 33]
214 2 0 33 0.0 0.0 0 S 33]
215 2 0 33 0.0 0.0 0 S 33]
216 2 0 33 0.0 0.0 0 S 33]
218 2 0 33 0.0 0.0 0 I< 33:0H-events_highpri]
219 2 0 34 0.0 0.0 0 S 34]
220 2 0 34 0.0 0.0 0 S 34]
221 2 0 34 0.0 0.0 0 S 34]
222 2 0 34 0.0 0.0 0 S 34]
224 2 0 34 0.0 0.0 0 I< 34:0H-events_highpri]
225 2 0 35 0.0 0.0 0 S 35]
226 2 0 35 0.0 0.0 0 S 35]
227 2 0 35 0.0 0.0 0 S 35]
228 2 0 35 0.0 0.0 0 S 35]
230 2 0 35 0.0 0.0 0 I< 35:0H-events_highpri]
231 2 0 36 0.0 0.0 0 S 36]
232 2 0 36 0.0 0.0 0 S 36]
233 2 0 36 0.0 0.0 0 S 36]
234 2 0 36 0.0 0.0 0 S 36]
236 2 0 36 0.0 0.0 0 I< 36:0H-events_highpri]
237 2 0 37 0.0 0.0 0 S 37]
238 2 0 37 0.0 0.0 0 S 37]
239 2 0 37 0.0 0.0 0 S 37]
240 2 0 37 0.0 0.0 0 S 37]
242 2 0 37 0.0 0.0 0 I< 37:0H-events_highpri]
243 2 0 38 0.0 0.0 0 S 38]
244 2 0 38 0.0 0.0 0 S 38]
245 2 0 38 0.0 0.0 0 S 38]
246 2 0 38 0.0 0.0 0 S 38]
248 2 0 38 0.0 0.0 0 I< 38:0H-events_highpri]
249 2 0 39 0.0 0.0 0 S 39]
250 2 0 39 0.0 0.0 0 S 39]
251 2 0 39 0.0 0.0 0 S 39]
252 2 0 39 0.0 0.0 0 S 39]
254 2 0 39 0.0 0.0 0 I< 39:0H-events_highpri]
255 2 0 40 0.0 0.0 0 S 40]
256 2 0 40 0.0 0.0 0 S 40]
257 2 0 40 0.0 0.0 0 S 40]
258 2 0 40 0.0 0.0 0 S 40]
260 2 0 40 0.0 0.0 0 I< 40:0H-events_highpri]
261 2 0 41 0.0 0.0 0 S 41]
262 2 0 41 0.0 0.0 0 S 41]
263 2 0 41 0.0 0.0 0 S 41]
264 2 0 41 0.0 0.0 0 S 41]
266 2 0 41 0.0 0.0 0 I< 41:0H-events_highpri]
267 2 0 42 0.0 0.0 0 S 42]
268 2 0 42 0.0 0.0 0 S 42]
269 2 0 42 0.0 0.0 0 S 42]
270 2 0 42 0.0 0.0 0 S 42]
272 2 0 42 0.0 0.0 0 I< 42:0H-events_highpri]
273 2 0 43 0.0 0.0 0 S 43]
274 2 0 43 0.0 0.0 0 S 43]
275 2 0 43 0.0 0.0 0 S 43]
276 2 0 43 0.0 0.0 0 S 43]
278 2 0 43 0.0 0.0 0 I< 43:0H-events_highpri]
279 2 0 44 0.0 0.0 0 S 44]
280 2 0 44 0.0 0.0 0 S 44]
281 2 0 44 0.0 0.0 0 S 44]
282 2 0 44 0.0 0.0 0 S 44]
284 2 0 44 0.0 0.0 0 I< 44:0H-events_highpri]
285 2 0 45 0.0 0.0 0 S 45]
286 2 0 45 0.0 0.0 0 S 45]
287 2 0 45 0.0 0.0 0 S 45]
288 2 0 45 0.0 0.0 0 S 45]
290 2 0 45 0.0 0.0 0 I< 45:0H-events_highpri]
291 2 0 46 0.0 0.0 0 S 46]
292 2 0 46 0.0 0.0 0 S 46]
293 2 0 46 0.0 0.0 0 S 46]
294 2 0 46 0.0 0.0 0 S 46]
296 2 0 46 0.0 0.0 0 I< 46:0H-events_highpri]
297 2 0 47 0.0 0.0 0 S 47]
298 2 0 47 0.0 0.0 0 S 47]
299 2 0 47 0.0 0.0 0 S 47]
300 2 0 47 0.0 0.0 0 S 47]
302 2 0 47 0.0 0.0 0 I< 47:0H-events_highpri]
303 2 0 48 0.0 0.0 0 S 48]
304 2 0 48 0.0 0.0 0 S 48]
305 2 0 48 0.0 0.0 0 S 48]
306 2 0 48 0.0 0.0 0 S 48]
308 2 0 48 0.0 0.0 0 I< 48:0H-events_highpri]
309 2 0 49 0.0 0.0 0 S 49]
310 2 0 49 0.0 0.0 0 S 49]
311 2 0 49 0.0 0.0 0 S 49]
312 2 0 49 0.0 0.0 0 S 49]
314 2 0 49 0.0 0.0 0 I< 49:0H-kblockd]
315 2 0 50 0.0 0.0 0 S 50]
316 2 0 50 0.0 0.0 0 S 50]
317 2 0 50 0.0 0.0 0 S 50]
318 2 0 50 0.0 0.0 0 S 50]
320 2 0 50 0.0 0.0 0 I< 50:0H-events_highpri]
321 2 0 51 0.0 0.0 0 S 51]
322 2 0 51 0.0 0.0 0 S 51]
323 2 0 51 0.0 0.0 0 S 51]
324 2 0 51 0.0 0.0 0 S 51]
326 2 0 51 0.0 0.0 0 I< 51:0H-events_highpri]
327 2 0 52 0.0 0.0 0 S 52]
328 2 0 52 0.0 0.0 0 S 52]
329 2 0 52 0.0 0.0 0 S 52]
330 2 0 52 0.0 0.0 0 S 52]
332 2 0 52 0.0 0.0 0 I< 52:0H-events_highpri]
333 2 0 53 0.0 0.0 0 S 53]
334 2 0 53 0.0 0.0 0 S 53]
335 2 0 53 0.0 0.0 0 S 53]
336 2 0 53 0.0 0.0 0 S 53]
338 2 0 53 0.0 0.0 0 I< 53:0H-events_highpri]
339 2 0 54 0.0 0.0 0 S 54]
340 2 0 54 0.0 0.0 0 S 54]
341 2 0 54 0.0 0.0 0 S 54]
342 2 0 54 0.0 0.0 0 S 54]
344 2 0 54 0.0 0.0 0 I< 54:0H-events_highpri]
345 2 0 55 0.0 0.0 0 S 55]
346 2 0 55 0.0 0.0 0 S 55]
347 2 0 55 0.0 0.0 0 S 55]
348 2 0 55 0.0 0.0 0 S 55]
350 2 0 55 0.0 0.0 0 I< 55:0H-events_highpri]
351 2 0 56 0.0 0.0 0 S 56]
352 2 0 56 0.0 0.0 0 S 56]
353 2 0 56 0.0 0.0 0 S 56]
354 2 0 56 0.0 0.0 0 S 56]
356 2 0 56 0.0 0.0 0 I< 56:0H-events_highpri]
357 2 0 57 0.0 0.0 0 S 57]
358 2 0 57 0.0 0.0 0 S 57]
359 2 0 57 0.0 0.0 0 S 57]
360 2 0 57 0.0 0.0 0 S 57]
362 2 0 57 0.0 0.0 0 I< 57:0H-events_highpri]
363 2 0 58 0.0 0.0 0 S 58]
364 2 0 58 0.0 0.0 0 S 58]
365 2 0 58 0.0 0.0 0 S 58]
366 2 0 58 0.0 0.0 0 S 58]
368 2 0 58 0.0 0.0 0 I< 58:0H-events_highpri]
369 2 0 59 0.0 0.0 0 S 59]
370 2 0 59 0.0 0.0 0 S 59]
371 2 0 59 0.0 0.0 0 S 59]
372 2 0 59 0.0 0.0 0 S 59]
374 2 0 59 0.0 0.0 0 I< 59:0H-events_highpri]
375 2 0 60 0.0 0.0 0 S 60]
376 2 0 60 0.0 0.0 0 S 60]
377 2 0 60 0.0 0.0 0 S 60]
378 2 0 60 0.0 0.0 0 S 60]
380 2 0 60 0.0 0.0 0 I< 60:0H-events_highpri]
381 2 0 61 0.0 0.0 0 S 61]
382 2 0 61 0.0 0.0 0 S 61]
383 2 0 61 0.0 0.0 0 S 61]
384 2 0 61 0.0 0.0 0 S 61]
386 2 0 61 0.0 0.0 0 I< 61:0H-events_highpri]
387 2 0 62 0.0 0.0 0 S 62]
388 2 0 62 0.0 0.0 0 S 62]
389 2 0 62 0.0 0.0 0 S 62]
390 2 0 62 0.0 0.0 0 S 62]
392 2 0 62 0.0 0.0 0 I< 62:0H-events_highpri]
393 2 0 63 0.0 0.0 0 S 63]
394 2 0 63 0.0 0.0 0 S 63]
395 2 0 63 0.0 0.0 0 S 63]
396 2 0 63 0.0 0.0 0 S 63]
398 2 0 63 0.0 0.0 0 I< 63:0H-events_highpri]
399 2 0 64 0.0 0.0 0 S 64]
400 2 0 64 0.0 0.0 0 S 64]
401 2 0 64 0.0 0.0 0 S 64]
402 2 0 64 0.0 0.0 0 S 64]
404 2 0 64 0.0 0.0 0 I< 64:0H-events_highpri]
405 2 0 65 0.0 0.0 0 S 65]
406 2 0 65 0.0 0.0 0 S 65]
407 2 0 65 0.0 0.0 0 S 65]
408 2 0 65 0.0 0.0 0 S 65]
410 2 0 65 0.0 0.0 0 I< 65:0H-events_highpri]
411 2 0 66 0.0 0.0 0 S 66]
412 2 0 66 0.0 0.0 0 S 66]
413 2 0 66 0.0 0.0 0 S 66]
414 2 0 66 0.0 0.0 0 S 66]
416 2 0 66 0.0 0.0 0 I< 66:0H-events_highpri]
417 2 0 67 0.0 0.0 0 S 67]
418 2 0 67 0.0 0.0 0 S 67]
419 2 0 67 0.0 0.0 0 S 67]
420 2 0 67 0.0 0.0 0 S 67]
422 2 0 67 0.0 0.0 0 I< 67:0H-events_highpri]
423 2 0 68 0.0 0.0 0 S 68]
424 2 0 68 0.0 0.0 0 S 68]
425 2 0 68 0.0 0.0 0 S 68]
426 2 0 68 0.0 0.0 0 S 68]
428 2 0 68 0.0 0.0 0 I< 68:0H-events_highpri]
429 2 0 69 0.0 0.0 0 S 69]
430 2 0 69 0.0 0.0 0 S 69]
431 2 0 69 0.0 0.0 0 S 69]
432 2 0 69 0.0 0.0 0 S 69]
434 2 0 69 0.0 0.0 0 I< 69:0H-events_highpri]
435 2 0 70 0.0 0.0 0 S 70]
436 2 0 70 0.0 0.0 0 S 70]
437 2 0 70 0.0 0.0 0 S 70]
438 2 0 70 0.0 0.0 0 S 70]
440 2 0 70 0.0 0.0 0 I< 70:0H-events_highpri]
441 2 0 71 0.0 0.0 0 S 71]
442 2 0 71 0.0 0.0 0 S 71]
443 2 0 71 0.0 0.0 0 S 71]
444 2 0 71 0.0 0.0 0 S 71]
446 2 0 71 0.0 0.0 0 I< 71:0H-events_highpri]
447 2 0 72 0.0 0.0 0 S 72]
448 2 0 72 0.0 0.0 0 S 72]
449 2 0 72 0.0 0.0 0 S 72]
450 2 0 72 0.0 0.0 0 S 72]
452 2 0 72 0.0 0.0 0 I< 72:0H-events_highpri]
453 2 0 73 0.0 0.0 0 S 73]
454 2 0 73 0.0 0.0 0 S 73]
455 2 0 73 0.0 0.0 0 S 73]
456 2 0 73 0.0 0.0 0 S 73]
458 2 0 73 0.0 0.0 0 I< 73:0H-events_highpri]
459 2 0 74 0.0 0.0 0 S 74]
460 2 0 74 0.0 0.0 0 S 74]
461 2 0 74 0.0 0.0 0 S 74]
462 2 0 74 0.0 0.0 0 S 74]
464 2 0 74 0.0 0.0 0 I< 74:0H-events_highpri]
465 2 0 75 0.0 0.0 0 S 75]
466 2 0 75 0.0 0.0 0 S 75]
467 2 0 75 0.0 0.0 0 S 75]
468 2 0 75 0.0 0.0 0 S 75]
470 2 0 75 0.0 0.0 0 I< 75:0H-events_highpri]
471 2 0 76 0.0 0.0 0 S 76]
472 2 0 76 0.0 0.0 0 S 76]
473 2 0 76 0.0 0.0 0 S 76]
474 2 0 76 0.0 0.0 0 S 76]
476 2 0 76 0.0 0.0 0 I< 76:0H-events_highpri]
477 2 0 77 0.0 0.0 0 S 77]
478 2 0 77 0.0 0.0 0 S 77]
479 2 0 77 0.0 0.0 0 S 77]
480 2 0 77 0.0 0.0 0 S 77]
482 2 0 77 0.0 0.0 0 I< 77:0H-events_highpri]
483 2 0 78 0.0 0.0 0 S 78]
484 2 0 78 0.0 0.0 0 S 78]
485 2 0 78 0.0 0.0 0 S 78]
486 2 0 78 0.0 0.0 0 S 78]
488 2 0 78 0.0 0.0 0 I< 78:0H-events_highpri]
489 2 0 79 0.0 0.0 0 S 79]
490 2 0 79 0.0 0.0 0 S 79]
491 2 0 79 0.0 0.0 0 S 79]
492 2 0 79 0.0 0.0 0 S 79]
494 2 0 79 0.0 0.0 0 I< 79:0H-events_highpri]
495 2 0 80 0.0 0.0 0 S 80]
496 2 0 80 0.0 0.0 0 S 80]
497 2 0 80 0.0 0.0 0 S 80]
498 2 0 80 0.0 0.0 0 S 80]
500 2 0 80 0.0 0.0 0 I< 80:0H-events_highpri]
501 2 0 81 0.0 0.0 0 S 81]
502 2 0 81 0.0 0.0 0 S 81]
503 2 0 81 0.0 0.0 0 S 81]
504 2 0 81 0.0 0.0 0 S 81]
506 2 0 81 0.0 0.0 0 I< 81:0H-events_highpri]
507 2 0 82 0.0 0.0 0 S 82]
508 2 0 82 0.0 0.0 0 S 82]
509 2 0 82 0.0 0.0 0 S 82]
510 2 0 82 0.0 0.0 0 S 82]
512 2 0 82 0.0 0.0 0 I< 82:0H-events_highpri]
513 2 0 83 0.0 0.0 0 S 83]
514 2 0 83 0.0 0.0 0 S 83]
515 2 0 83 0.0 0.0 0 S 83]
516 2 0 83 0.0 0.0 0 S 83]
518 2 0 83 0.0 0.0 0 I< 83:0H-events_highpri]
519 2 0 84 0.0 0.0 0 S 84]
520 2 0 84 0.0 0.0 0 S 84]
521 2 0 84 0.0 0.0 0 S 84]
522 2 0 84 0.0 0.0 0 S 84]
524 2 0 84 0.0 0.0 0 I< 84:0H-events_highpri]
525 2 0 85 0.0 0.0 0 S 85]
526 2 0 85 0.0 0.0 0 S 85]
527 2 0 85 0.0 0.0 0 S 85]
528 2 0 85 0.0 0.0 0 S 85]
530 2 0 85 0.0 0.0 0 I< 85:0H-events_highpri]
531 2 0 86 0.0 0.0 0 S 86]
532 2 0 86 0.0 0.0 0 S 86]
533 2 0 86 0.0 0.0 0 S 86]
534 2 0 86 0.0 0.0 0 S 86]
536 2 0 86 0.0 0.0 0 I< 86:0H-events_highpri]
537 2 0 87 0.0 0.0 0 S 87]
538 2 0 87 0.0 0.0 0 S 87]
539 2 0 87 0.0 0.0 0 S 87]
540 2 0 87 0.0 0.0 0 S 87]
542 2 0 87 0.0 0.0 0 I< 87:0H-events_highpri]
543 2 0 88 0.0 0.0 0 S 88]
544 2 0 88 0.0 0.0 0 S 88]
545 2 0 88 0.0 0.0 0 S 88]
546 2 0 88 0.0 0.0 0 S 88]
548 2 0 88 0.0 0.0 0 I< 88:0H-events_highpri]
549 2 0 89 0.0 0.0 0 S 89]
550 2 0 89 0.0 0.0 0 S 89]
551 2 0 89 0.0 0.0 0 S 89]
552 2 0 89 0.0 0.0 0 S 89]
554 2 0 89 0.0 0.0 0 I< 89:0H-events_highpri]
555 2 0 90 0.0 0.0 0 S 90]
556 2 0 90 0.0 0.0 0 S 90]
557 2 0 90 0.0 0.0 0 S 90]
558 2 0 90 0.0 0.0 0 S 90]
560 2 0 90 0.0 0.0 0 I< 90:0H-events_highpri]
561 2 0 91 0.0 0.0 0 S 91]
562 2 0 91 0.0 0.0 0 S 91]
563 2 0 91 0.0 0.0 0 S 91]
564 2 0 91 0.0 0.0 0 S 91]
566 2 0 91 0.0 0.0 0 I< 91:0H-events_highpri]
567 2 0 92 0.0 0.0 0 S 92]
568 2 0 92 0.0 0.0 0 S 92]
569 2 0 92 0.0 0.0 0 S 92]
570 2 0 92 0.0 0.0 0 S 92]
572 2 0 92 0.0 0.0 0 I< 92:0H-events_highpri]
573 2 0 93 0.0 0.0 0 S 93]
574 2 0 93 0.0 0.0 0 S 93]
575 2 0 93 0.0 0.0 0 S 93]
576 2 0 93 0.0 0.0 0 S 93]
578 2 0 93 0.0 0.0 0 I< 93:0H-events_highpri]
579 2 0 94 0.0 0.0 0 S 94]
580 2 0 94 0.0 0.0 0 S 94]
581 2 0 94 0.0 0.0 0 S 94]
582 2 0 94 0.0 0.0 0 S 94]
584 2 0 94 0.0 0.0 0 I< 94:0H-events_highpri]
585 2 0 95 0.0 0.0 0 S 95]
586 2 0 95 0.0 0.0 0 S 95]
587 2 0 95 0.0 0.0 0 S 95]
588 2 0 95 0.0 0.0 0 S 95]
590 2 0 95 0.0 0.0 0 I< 95:0H-events_highpri]
591 2 0 96 0.0 0.0 0 S 96]
592 2 0 96 0.0 0.0 0 S 96]
593 2 0 96 0.0 0.0 0 S 96]
594 2 0 96 0.0 0.0 0 S 96]
596 2 0 96 0.0 0.0 0 I< 96:0H-events_highpri]
597 2 0 97 0.0 0.0 0 S 97]
598 2 0 97 0.0 0.0 0 S 97]
599 2 0 97 0.0 0.0 0 S 97]
600 2 0 97 0.0 0.0 0 S 97]
602 2 0 97 0.0 0.0 0 I< 97:0H-events_highpri]
603 2 0 98 0.0 0.0 0 S 98]
604 2 0 98 0.0 0.0 0 S 98]
605 2 0 98 0.0 0.0 0 S 98]
606 2 0 98 0.0 0.0 0 S 98]
608 2 0 98 0.0 0.0 0 I< 98:0H-events_highpri]
609 2 0 99 0.0 0.0 0 S 99]
610 2 0 99 0.0 0.0 0 S 99]
611 2 0 99 0.0 0.0 0 S 99]
612 2 0 99 0.0 0.0 0 S 99]
614 2 0 99 0.0 0.0 0 I< 99:0H-events_highpri]
615 2 0 100 0.0 0.0 0 S 100]
616 2 0 100 0.0 0.0 0 S 100]
617 2 0 100 0.0 0.0 0 S 100]
618 2 0 100 0.0 0.0 0 S 100]
620 2 0 100 0.0 0.0 0 I< 100:0H-events_highpri]
621 2 0 101 0.0 0.0 0 S 101]
622 2 0 101 0.0 0.0 0 S 101]
623 2 0 101 0.0 0.0 0 S 101]
624 2 0 101 0.0 0.0 0 S 101]
626 2 0 101 0.0 0.0 0 I< 101:0H-events_highpri]
627 2 0 102 0.0 0.0 0 S 102]
628 2 0 102 0.0 0.0 0 S 102]
629 2 0 102 0.0 0.0 0 S 102]
630 2 0 102 0.0 0.0 0 S 102]
632 2 0 102 0.0 0.0 0 I< 102:0H-events_highpri]
633 2 0 103 0.0 0.0 0 S 103]
634 2 0 103 0.0 0.0 0 S 103]
635 2 0 103 0.0 0.0 0 S 103]
636 2 0 103 0.0 0.0 0 S 103]
638 2 0 103 0.0 0.0 0 I< 103:0H-events_highpri]
639 2 0 104 0.0 0.0 0 S 104]
640 2 0 104 0.0 0.0 0 S 104]
641 2 0 104 0.0 0.0 0 S 104]
642 2 0 104 0.0 0.0 0 S 104]
644 2 0 104 0.0 0.0 0 I< 104:0H-events_highpri]
645 2 0 105 0.0 0.0 0 S 105]
646 2 0 105 0.0 0.0 0 S 105]
647 2 0 105 0.0 0.0 0 S 105]
648 2 0 105 0.0 0.0 0 S 105]
650 2 0 105 0.0 0.0 0 I< 105:0H-events_highpri]
651 2 0 106 0.0 0.0 0 S 106]
652 2 0 106 0.0 0.0 0 S 106]
653 2 0 106 0.0 0.0 0 S 106]
654 2 0 106 0.0 0.0 0 S 106]
656 2 0 106 0.0 0.0 0 I< 106:0H-events_highpri]
657 2 0 107 0.0 0.0 0 S 107]
658 2 0 107 0.0 0.0 0 S 107]
659 2 0 107 0.0 0.0 0 S 107]
660 2 0 107 0.0 0.0 0 S 107]
662 2 0 107 0.0 0.0 0 I< 107:0H-events_highpri]
663 2 0 108 0.0 0.0 0 S 108]
664 2 0 108 0.0 0.0 0 S 108]
665 2 0 108 0.0 0.0 0 S 108]
666 2 0 108 0.0 0.0 0 S 108]
668 2 0 108 0.0 0.0 0 I< 108:0H-events_highpri]
669 2 0 109 0.0 0.0 0 S 109]
670 2 0 109 0.0 0.0 0 S 109]
671 2 0 109 0.0 0.0 0 S 109]
672 2 0 109 0.0 0.0 0 S 109]
674 2 0 109 0.0 0.0 0 I< 109:0H-events_highpri]
675 2 0 110 0.0 0.0 0 S 110]
676 2 0 110 0.0 0.0 0 S 110]
677 2 0 110 0.0 0.0 0 S 110]
678 2 0 110 0.0 0.0 0 S 110]
680 2 0 110 0.0 0.0 0 I< 110:0H-events_highpri]
681 2 0 111 0.0 0.0 0 S 111]
682 2 0 111 0.0 0.0 0 S 111]
683 2 0 111 0.0 0.0 0 S 111]
684 2 0 111 0.0 0.0 0 S 111]
686 2 0 111 0.0 0.0 0 I< 111:0H-events_highpri]
687 2 0 112 0.0 0.0 0 S 112]
688 2 0 112 0.0 0.0 0 S 112]
689 2 0 112 0.0 0.0 0 S 112]
690 2 0 112 0.0 0.0 0 S 112]
692 2 0 112 0.0 0.0 0 I< 112:0H-events_highpri]
693 2 0 113 0.0 0.0 0 S 113]
694 2 0 113 0.0 0.0 0 S 113]
695 2 0 113 0.0 0.0 0 S 113]
696 2 0 113 0.0 0.0 0 S 113]
698 2 0 113 0.0 0.0 0 I< 113:0H-events_highpri]
699 2 0 114 0.0 0.0 0 S 114]
700 2 0 114 0.0 0.0 0 S 114]
701 2 0 114 0.0 0.0 0 S 114]
702 2 0 114 0.0 0.0 0 S 114]
704 2 0 114 0.0 0.0 0 I< 114:0H-events_highpri]
705 2 0 115 0.0 0.0 0 S 115]
706 2 0 115 0.0 0.0 0 S 115]
707 2 0 115 0.0 0.0 0 S 115]
708 2 0 115 0.0 0.0 0 S 115]
711 2 0 116 0.0 0.0 0 S 116]
712 2 0 116 0.0 0.0 0 S 116]
713 2 0 116 0.0 0.0 0 S 116]
714 2 0 116 0.0 0.0 0 S 116]
716 2 0 116 0.0 0.0 0 I< 116:0H-events_highpri]
717 2 0 117 0.0 0.0 0 S 117]
718 2 0 117 0.0 0.0 0 S 117]
719 2 0 117 0.0 0.0 0 S 117]
720 2 0 117 0.0 0.0 0 S 117]
722 2 0 117 0.0 0.0 0 I< 117:0H-events_highpri]
723 2 0 118 0.0 0.0 0 S 118]
724 2 0 118 0.0 0.0 0 S 118]
725 2 0 118 0.0 0.0 0 S 118]
726 2 0 118 0.0 0.0 0 S 118]
728 2 0 118 0.0 0.0 0 I< 118:0H-events_highpri]
729 2 0 119 0.0 0.0 0 S 119]
730 2 0 119 0.0 0.0 0 S 119]
731 2 0 119 0.0 0.0 0 S 119]
732 2 0 119 0.0 0.0 0 S 119]
734 2 0 119 0.0 0.0 0 I< 119:0H-events_highpri]
735 2 0 120 0.0 0.0 0 S 120]
736 2 0 120 0.0 0.0 0 S 120]
737 2 0 120 0.0 0.0 0 S 120]
738 2 0 120 0.0 0.0 0 S 120]
740 2 0 120 0.0 0.0 0 I< 120:0H-events_highpri]
741 2 0 121 0.0 0.0 0 S 121]
742 2 0 121 0.0 0.0 0 S 121]
743 2 0 121 0.0 0.0 0 S 121]
744 2 0 121 0.0 0.0 0 S 121]
746 2 0 121 0.0 0.0 0 I< 121:0H-events_highpri]
747 2 0 122 0.0 0.0 0 S 122]
748 2 0 122 0.0 0.0 0 S 122]
749 2 0 122 0.0 0.0 0 S 122]
750 2 0 122 0.0 0.0 0 S 122]
752 2 0 122 0.0 0.0 0 I< 122:0H-events_highpri]
753 2 0 123 0.0 0.0 0 S 123]
754 2 0 123 0.0 0.0 0 S 123]
755 2 0 123 0.0 0.0 0 S 123]
756 2 0 123 0.0 0.0 0 S 123]
758 2 0 123 0.0 0.0 0 I< 123:0H-events_highpri]
759 2 0 124 0.0 0.0 0 S 124]
760 2 0 124 0.0 0.0 0 S 124]
761 2 0 124 0.0 0.0 0 S 124]
762 2 0 124 0.0 0.0 0 S 124]
764 2 0 124 0.0 0.0 0 I< 124:0H-events_highpri]
765 2 0 125 0.0 0.0 0 S 125]
766 2 0 125 0.0 0.0 0 S 125]
767 2 0 125 0.0 0.0 0 S 125]
768 2 0 125 0.0 0.0 0 S 125]
770 2 0 125 0.0 0.0 0 I< 125:0H-events_highpri]
771 2 0 126 0.0 0.0 0 S 126]
772 2 0 126 0.0 0.0 0 S 126]
773 2 0 126 0.0 0.0 0 S 126]
774 2 0 126 0.0 0.0 0 S 126]
776 2 0 126 0.0 0.0 0 I< 126:0H-events_highpri]
777 2 0 127 0.0 0.0 0 S 127]
778 2 0 127 0.0 0.0 0 S 127]
779 2 0 127 0.0 0.0 0 S 127]
780 2 0 127 0.0 0.0 0 S 127]
782 2 0 127 0.0 0.0 0 I< 127:0H-events_highpri]
799 2 0 11 0.0 0.0 0 S [kdevtmpfs]
800 2 0 22 0.0 0.0 0 I< R-inet_]
801 2 0 29 0.0 0.0 0 S [kauditd]
805 2 0 36 0.0 0.0 0 S [khungtaskd]
807 2 0 97 0.0 0.0 0 S [oom_reaper]
809 2 0 100 0.0 0.0 0 I< R-write]
810 2 0 25 2.0 0.0 0 S [kcompactd0]
811 2 0 107 0.0 0.0 0 SN [ksmd]
812 2 0 54 0.0 0.0 0 SN [khugepaged]
813 2 0 124 0.0 0.0 0 I< R-kinte]
814 2 0 117 0.0 0.0 0 I< R-kbloc]
815 2 0 121 0.0 0.0 0 I< R-blkcg]
816 2 0 1 0.0 0.0 0 S 9-acpi]
819 2 0 68 0.0 0.0 0 I< R-tpm_d]
820 2 0 72 0.0 0.0 0 I< R-ata_s]
821 2 0 76 0.0 0.0 0 I< R-md]
822 2 0 80 0.0 0.0 0 I< R-md_bi]
823 2 0 86 0.0 0.0 0 I< R-edac-]
825 2 0 92 0.0 0.0 0 I< R-devfr]
826 2 0 97 0.0 0.0 0 S [watchdogd]
827 2 0 96 0.0 0.0 0 I< R-quota]
828 2 0 1 0.0 0.0 0 I< 1:1H-kblockd]
830 2 0 2 0.0 0.0 0 S 26-AMD-Vi0-Evt]
831 2 0 3 0.0 0.0 0 S 27-AMD-Vi0-PPR]
832 2 0 4 0.0 0.0 0 S 28-AMD-Vi0-GA]
833 2 0 5 0.0 0.0 0 S 29-AMD-Vi1-Evt]
834 2 0 6 0.0 0.0 0 S 30-AMD-Vi1-PPR]
835 2 0 7 0.0 0.0 0 S 31-AMD-Vi1-GA]
836 2 0 8 0.0 0.0 0 S 32-AMD-Vi2-Evt]
837 2 0 9 0.0 0.0 0 S 33-AMD-Vi2-PPR]
838 2 0 10 0.0 0.0 0 S 34-AMD-Vi2-GA]
839 2 0 11 0.0 0.0 0 S 35-AMD-Vi3-Evt]
840 2 0 12 0.0 0.0 0 S 36-AMD-Vi3-PPR]
841 2 0 13 0.0 0.0 0 S 37-AMD-Vi3-GA]
843 2 0 107 0.4 0.0 0 S [kswapd0]
844 2 0 111 0.0 0.0 0 S [ecryptfs-kthread]
845 2 0 103 0.0 0.0 0 I< R-kthro]
968 2 0 79 0.0 0.0 0 I< R-acpi_]
970 2 0 71 0.0 0.0 0 I< R-mld]
971 2 0 0 0.0 0.0 0 I< 0:1H-kblockd]
972 2 0 87 0.0 0.0 0 I< R-ipv6_]
979 2 0 79 0.0 0.0 0 I< R-kstrp]
982 2 0 75 0.0 0.0 0 I< u273:0]
983 2 0 83 0.0 0.0 0 I< u274:0]
984 2 0 91 0.0 0.0 0 I< u275:0]
985 2 0 95 0.0 0.0 0 I< u276:0]
986 2 0 99 0.0 0.0 0 I< u277:0]
987 2 0 103 0.0 0.0 0 I< u278:0]
988 2 0 107 0.0 0.0 0 I< u279:0]
989 2 0 111 0.0 0.0 0 I< u280:0]
990 2 0 115 0.0 0.0 0 I< u281:0]
991 2 0 119 0.0 0.0 0 I< u282:0]
992 2 0 123 0.0 0.0 0 I< u283:0]
993 2 0 127 0.0 0.0 0 I< u284:0]
994 2 0 71 0.0 0.0 0 I< u285:0]
995 2 0 87 0.0 0.0 0 I< u286:0]
996 2 0 75 0.0 0.0 0 I< u287:0]
997 2 0 83 0.0 0.0 0 I< u288:0]
998 2 0 91 0.0 0.0 0 I< u289:0]
1005 2 0 95 0.0 0.0 0 I< R-crypt]
1018 2 0 71 0.0 0.0 0 I< R-charg]
1045 2 0 47 0.0 0.0 0 I< 47:1H-kblockd]
1048 2 0 122 0.0 0.0 0 I< 122:1H-kblockd]
1051 2 0 113 0.0 0.0 0 I< 113:1H-kblockd]
1068 2 0 112 0.0 0.0 0 I< 112:1H-kblockd]
1070 2 0 8 0.0 0.0 0 I< 8:1H-kblockd]
1071 2 0 49 0.0 0.0 0 I< 49:1H]
1072 2 0 115 0.0 0.0 0 I< 115:1H]
1074 2 0 5 0.0 0.0 0 I< 5:1H-kblockd]
1075 2 0 100 0.0 0.0 0 I< 100:1H-kblockd]
1077 2 0 77 0.0 0.0 0 I< 77:1H-kblockd]
1078 2 0 52 0.0 0.0 0 I< 52:1H-kblockd]
1083 2 0 126 0.0 0.0 0 I< 126:1H-kblockd]
1085 2 0 27 0.0 0.0 0 I< 27:1H-kblockd]
1090 2 0 81 0.0 0.0 0 I< 81:1H-kblockd]
1091 2 0 23 0.0 0.0 0 I< 23:1H-kblockd]
1093 2 0 95 0.0 0.0 0 I< 95:1H-kblockd]
1095 2 0 34 0.0 0.0 0 I< 34:1H-kblockd]
1100 2 0 106 0.0 0.0 0 I< 106:1H-kblockd]
1103 2 0 50 0.0 0.0 0 I< 50:1H-kblockd]
1104 2 0 51 0.0 0.0 0 I< 51:1H-kblockd]
1105 2 0 36 0.0 0.0 0 I< 36:1H-kblockd]
1106 2 0 101 0.0 0.0 0 I< 101:1H-kblockd]
1107 2 0 37 0.0 0.0 0 I< 37:1H-kblockd]
1109 2 0 16 0.0 0.0 0 I< 16:1H-kblockd]
1110 2 0 82 0.0 0.0 0 I< 82:1H-kblockd]
1111 2 0 17 0.0 0.0 0 I< 17:1H-kblockd]
1112 2 0 19 0.0 0.0 0 I< 19:1H-kblockd]
1113 2 0 18 0.0 0.0 0 I< 18:1H-kblockd]
1114 2 0 108 0.0 0.0 0 I< 108:1H-kblockd]
1122 2 0 67 0.0 0.0 0 I< 67:1H-kblockd]
1123 2 0 114 0.0 0.0 0 I< 114:1H-kblockd]
1124 2 0 83 0.0 0.0 0 I< 83:1H-kblockd]
1125 2 0 80 0.0 0.0 0 I< 80:1H-kblockd]
1126 2 0 56 0.0 0.0 0 I< 56:1H-kblockd]
1127 2 0 2 0.0 0.0 0 I< 2:1H-kblockd]
1128 2 0 38 0.0 0.0 0 I< 38:1H-kblockd]
1129 2 0 39 0.0 0.0 0 I< 39:1H-kblockd]
1130 2 0 64 0.0 0.0 0 I< 64:1H-kblockd]
1132 2 0 109 0.0 0.0 0 I< 109:1H-kblockd]
1171 2 0 9 0.0 0.0 0 I< 9:1H-kblockd]
1172 2 0 22 0.0 0.0 0 I< R-tls-s]
1175 2 0 73 0.0 0.0 0 I< 73:1H-kblockd]
1182 2 0 10 0.0 0.0 0 I< 10:1H-kblockd]
1191 2 0 5 0.0 0.0 0 I< R-nvme-]
1192 2 0 22 0.0 0.0 0 I< R-nvme-]
1195 2 0 5 0.0 0.0 0 I< R-ixgbe]
1197 2 0 22 0.0 0.0 0 I< R-nvme-]
1200 2 0 11 0.0 0.0 0 I< 11:1H-kblockd]
1202 2 0 72 0.0 0.0 0 I< 72:1H-kblockd]
1203 2 0 32 0.0 0.0 0 I< R-nvme-]
1205 2 0 127 0.0 0.0 0 S [scsi_eh_0]
1206 2 0 5 0.0 0.0 0 I< R-scsi_]
1207 2 0 60 0.0 0.0 0 S [scsi_eh_1]
1208 2 0 34 0.0 0.0 0 I< R-scsi_]
1215 2 0 106 0.0 0.0 0 S [scsi_eh_2]
1216 2 0 22 0.0 0.0 0 I< R-scsi_]
1221 2 0 55 0.0 0.0 0 S [scsi_eh_3]
1222 2 0 12 0.0 0.0 0 I< R-scsi_]
1227 2 0 7 0.0 0.0 0 S [scsi_eh_4]
1228 2 0 5 0.0 0.0 0 I< R-scsi_]
1229 2 0 6 0.0 0.0 0 S [scsi_eh_5]
1230 2 0 89 0.0 0.0 0 I< R-scsi_]
1255 2 0 22 0.0 0.0 0 S [scsi_eh_6]
1257 2 0 21 0.0 0.0 0 I< R-scsi_]
1277 2 0 5 0.0 0.0 0 S [scsi_eh_7]
1278 2 0 5 0.0 0.0 0 I< R-scsi_]
1369 2 0 105 0.0 0.0 0 I< 105:1H-kblockd]
1370 2 0 90 0.0 0.0 0 I< 90:1H-kblockd]
1371 2 0 69 0.0 0.0 0 I< 69:1H-kblockd]
1372 2 0 104 0.0 0.0 0 I< 104:1H-kblockd]
1373 2 0 63 0.0 0.0 0 I< 63:1H-kblockd]
1374 2 0 24 0.0 0.0 0 I< 24:1H-kblockd]
1375 2 0 107 0.0 0.0 0 I< 107:1H-kblockd]
1376 2 0 61 0.0 0.0 0 I< 61:1H-kblockd]
1377 2 0 15 0.0 0.0 0 I< 15:1H-kblockd]
1378 2 0 30 0.0 0.0 0 I< 30:1H-kblockd]
1379 2 0 62 0.0 0.0 0 I< 62:1H-kblockd]
1381 2 0 55 0.0 0.0 0 I< 55:1H-kblockd]
1382 2 0 68 0.0 0.0 0 I< 68:1H-kblockd]
1383 2 0 84 0.0 0.0 0 I< 84:1H-kblockd]
1384 2 0 92 0.0 0.0 0 I< 92:1H-kblockd]
1385 2 0 42 0.0 0.0 0 I< 42:1H-kblockd]
1386 2 0 25 0.0 0.0 0 I< 25:1H-kblockd]
1387 2 0 124 0.0 0.0 0 I< 124:1H-kblockd]
1388 2 0 28 0.0 0.0 0 I< 28:1H-kblockd]
1389 2 0 99 0.0 0.0 0 I< 99:1H-kblockd]
1390 2 0 119 0.0 0.0 0 I< 119:1H-kblockd]
1391 2 0 54 0.0 0.0 0 I< 54:1H-kblockd]
1392 2 0 88 0.0 0.0 0 I< 88:1H-kblockd]
1393 2 0 53 0.0 0.0 0 I< 53:1H-kblockd]
1394 2 0 97 0.0 0.0 0 I< 97:1H-kblockd]
1395 2 0 127 0.0 0.0 0 I< 127:1H-kblockd]
1396 2 0 110 0.0 0.0 0 I< 110:1H-kblockd]
1410 2 0 44 0.0 0.0 0 I< 44:1H-kblockd]
1414 2 0 3 0.0 0.0 0 I< R-mlx5_]
1416 2 0 22 0.0 0.0 0 I< R-mlx5_]
1417 2 0 35 0.0 0.0 0 I< R-mlx5_]
1418 2 0 17 0.0 0.0 0 I< R-mlx5_]
1421 2 0 74 0.0 0.0 0 I< 74:1H-kblockd]
1422 2 0 3 0.0 0.0 0 I< 3:1H-kblockd]
1423 2 0 41 0.0 0.0 0 I< 41:1H-kblockd]
1424 2 0 94 0.0 0.0 0 I< 94:1H-kblockd]
1425 2 0 102 0.0 0.0 0 I< 102:1H-kblockd]
1426 2 0 71 0.0 0.0 0 I< 71:1H-kblockd]
1427 2 0 93 0.0 0.0 0 I< 93:1H-kblockd]
1428 2 0 26 0.0 0.0 0 I< 26:1H-kblockd]
1429 2 0 111 0.0 0.0 0 I< 111:1H-events_highpri]
1430 2 0 91 0.0 0.0 0 I< 91:1H-kblockd]
1431 2 0 22 0.0 0.0 0 I< 22:1H-kblockd]
1432 2 0 79 0.0 0.0 0 I< 79:1H-kblockd]
1433 2 0 117 0.0 0.0 0 I< 117:1H-kblockd]
1434 2 0 12 0.0 0.0 0 I< 12:1H-kblockd]
1435 2 0 118 0.0 0.0 0 I< 118:1H-kblockd]
1436 2 0 125 0.0 0.0 0 I< 125:1H-kblockd]
1437 2 0 43 0.0 0.0 0 I< 43:1H-kblockd]
1438 2 0 46 0.0 0.0 0 I< 46:1H-kblockd]
1439 2 0 103 0.0 0.0 0 I< 103:1H-kblockd]
1442 2 0 66 0.0 0.0 0 I< 66:1H-kblockd]
1451 2 0 40 0.0 0.0 0 I< 40:1H-kblockd]
1453 2 0 121 0.0 0.0 0 I< 121:1H-kblockd]
1466 2 0 70 0.0 0.0 0 I< 70:1H-kblockd]
1467 2 0 33 0.0 0.0 0 I< 33:1H-kblockd]
1469 2 0 35 0.0 0.0 0 I< 35:1H-kblockd]
1474 2 0 10 0.0 0.0 0 I< R-raid5]
1475 2 0 16 1.1 0.0 0 S [md127_raid5]
1476 2 0 31 0.0 0.0 0 I< 31:1H-kblockd]
1479 2 0 78 0.0 0.0 0 I< 78:1H-kblockd]
1490 2 0 18 0.0 0.0 0 I< R-mlx5_]
1491 2 0 88 0.0 0.0 0 S [ptp2]
1492 2 0 100 0.0 0.0 0 I< R-mlx5_]
1493 2 0 40 0.0 0.0 0 I< R-mlx5_]
1494 2 0 48 0.0 0.0 0 I< R-mlx5_]
1495 2 0 89 0.0 0.0 0 I< R-mlx5_]
1496 2 0 108 0.0 0.0 0 I< R-mlx5_]
1497 2 0 10 0.0 0.0 0 I< R-mlx5_]
1498 2 0 116 0.0 0.0 0 I< R-mlx5_]
1499 2 0 63 0.0 0.0 0 I< R-mlx5_]
1500 2 0 78 0.0 0.0 0 I< R-mlx5_]
1501 2 0 30 0.0 0.0 0 I< R-mlx5_]
1503 2 0 85 0.0 0.0 0 I< R-mlx5_]
1504 2 0 18 0.0 0.0 0 I< R-mlx5_]
1507 2 0 48 0.0 0.0 0 I< R-mlx5_]
1508 2 0 70 0.0 0.0 0 I< R-mlx5_]
1509 2 0 108 0.0 0.0 0 I< R-mlx5e]
1511 2 0 58 0.0 0.0 0 I< 58:1H-kblockd]
1513 2 0 116 0.0 0.0 0 I< R-mlx5e]
1515 2 0 63 0.0 0.0 0 I< R-mlx5_]
1516 2 0 10 0.0 0.0 0 I< R-mlx5_]
1517 2 0 77 0.0 0.0 0 I< R-mlx5_]
1518 2 0 100 0.0 0.0 0 I< R-mlx5_]
1520 2 0 36 0.0 0.0 0 I< R-mlx5_]
1521 2 0 8 0.0 0.0 0 S [ptp3]
1522 2 0 44 0.0 0.0 0 I< R-mlx5_]
1523 2 0 118 0.0 0.0 0 I< R-mlx5_]
1524 2 0 56 0.0 0.0 0 I< R-mlx5_]
1525 2 0 125 0.0 0.0 0 I< R-mlx5_]
1526 2 0 6 0.0 0.0 0 I< R-mlx5_]
1527 2 0 10 0.0 0.0 0 I< R-mlx5_]
1528 2 0 77 0.0 0.0 0 I< R-mlx5_]
1529 2 0 87 0.0 0.0 0 I< R-mlx5_]
1530 2 0 88 0.0 0.0 0 I< R-mlx5_]
1531 2 0 30 0.0 0.0 0 I< R-mlx5_]
1532 2 0 114 0.0 0.0 0 I< R-mlx5_]
1533 2 0 1 0.0 0.0 0 I< R-mlx5_]
1534 2 0 41 0.0 0.0 0 I< R-mlx5e]
1535 2 0 100 0.0 0.0 0 I< R-mlx5e]
1536 2 0 59 0.0 0.0 0 I< R-ib-co]
1537 2 0 84 0.0 0.0 0 I< R-ib-co]
1538 2 0 71 0.0 0.0 0 I< R-ib_mc]
1539 2 0 36 0.0 0.0 0 I< R-ib_nl]
1541 2 0 14 0.0 0.0 0 I< R-ib_ma]
1542 2 0 109 0.0 0.0 0 I< R-mkey_]
1543 2 0 60 0.0 0.0 0 I< R-ib_ma]
1544 2 0 43 0.0 0.0 0 I< R-mkey_]
1565 2 0 85 0.0 0.0 0 I< 85:1H-kblockd]
1590 2 0 14 0.0 0.0 0 I< 14:1H-kblockd]
1611 2 0 32 0.0 0.0 0 I< 32:1H-kblockd]
1614 2 0 101 0.0 0.0 0 S nvme0n1p2-8]
1615 2 0 117 0.0 0.0 0 I< R-ext4-]
1629 2 0 13 0.0 0.0 0 I< 13:1H-kblockd]
1638 2 0 116 0.0 0.0 0 I< 116:1H-kblockd]
1639 2 0 123 0.0 0.0 0 I< 123:1H-kblockd]
1640 2 0 96 0.0 0.0 0 I< 96:1H-kblockd]
1641 2 0 21 0.0 0.0 0 I< 21:1H-kblockd]
1642 2 0 86 0.0 0.0 0 I< 86:1H-kblockd]
1643 2 0 7 0.0 0.0 0 I< 7:1H-kblockd]
1644 2 0 57 0.0 0.0 0 I< 57:1H-kblockd]
1645 2 0 98 0.0 0.0 0 I< 98:1H-kblockd]
1646 2 0 65 0.0 0.0 0 I< 65:1H-kblockd]
1647 2 0 45 0.0 0.0 0 I< 45:1H-kblockd]
1648 2 0 120 0.0 0.0 0 I< 120:1H-kblockd]
1649 2 0 60 0.0 0.0 0 I< 60:1H-kblockd]
1650 2 0 29 0.0 0.0 0 I< 29:1H-kblockd]
1651 2 0 59 0.0 0.0 0 I< 59:1H-kblockd]
1653 2 0 4 0.0 0.0 0 I< 4:1H-kblockd]
1654 2 0 76 0.0 0.0 0 I< 76:1H-kblockd]
1655 2 0 75 0.0 0.0 0 I< 75:1H-kblockd]
1657 2 0 6 0.0 0.0 0 I< 6:1H-kblockd]
1722 1 1722 16 0.2 0.0 49944 S<s systemd-journald
1755 2 0 58 0.0 0.0 0 I< R-kmpat]
1756 2 0 60 0.0 0.0 0 I< R-kmpat]
1760 1 1760 94 0.0 0.0 27428 SLsl multipathd
1761 2 0 15 0.0 0.0 0 I< R-rpcio]
1762 2 0 50 0.0 0.0 0 I< R-xprti]
1764 1 1764 4 0.1 0.0 7280 Ss systemd-udevd
1805 2 0 2 0.0 0.0 0 S [psimon]
1987 2 0 87 0.0 0.0 0 I< 87:1H-kblockd]
2005 2 0 35 0.0 0.0 0 I< R-ipmi-]
2043 2 0 20 0.0 0.0 0 I< 20:1H-kblockd]
2123 2 0 88 0.0 0.0 0 SN [kipmi0]
2273 2 0 102 0.0 0.0 0 I< R-xfsal]
2274 2 0 47 0.0 0.0 0 I< R-xfs_m]
2276 2 0 24 0.0 0.0 0 I< R-xfs-b]
2277 2 0 122 0.0 0.0 0 I< R-xfs-c]
2278 2 0 10 0.0 0.0 0 I< R-xfs-r]
2279 2 0 99 0.0 0.0 0 I< R-xfs-b]
2280 2 0 82 0.0 0.0 0 I< R-xfs-i]
2293 2 0 1 0.0 0.0 0 I< R-xfs-l]
2294 2 0 1 0.0 0.0 0 I< R-xfs-c]
2296 2 0 101 0.0 0.0 0 S md127]
2301 1 2301 68 0.0 0.0 9168 Ss systemd-networkd
2449 2 0 81 0.0 0.0 0 I< R-cfg80]
2457 1 2457 76 0.0 0.0 3844 Ss rpcbind
2458 1 2458 9 0.0 0.0 12756 Ss systemd-resolved
2459 1 2459 75 0.0 0.0 7764 Ssl systemd-timesyncd
2469 1 2469 114 0.0 0.0 1724 Ss blkmapd
2470 1 2470 108 0.0 0.0 3056 Ss nfsdcld
2491 1 2491 47 0.0 0.0 5564 Ss @dbus-daemon
2495 1 2495 115 0.0 0.0 3640 Ss fsidd
2498 1 2498 53 0.0 0.0 8100 Ssl polkitd
2506 1 2506 88 0.1 0.0 29188 Ssl snapd
2509 1 2509 47 0.0 0.0 8352 Ss systemd-logind
2512 1 2512 60 0.0 0.0 14204 Ssl udisksd
2556 1 2556 61 0.0 0.0 6532 Ssl rsyslogd
2577 1 2577 69 0.0 0.0 23264 Ssl python3
2590 1 2590 117 0.0 0.0 12832 Ssl ModemManager
2814 1 2814 71 0.0 0.0 2404 Ss rpc.idmapd
2815 1 2815 72 0.0 0.0 2012 Ss rpc.mountd
2817 1 2817 16 0.0 0.0 2904 Ss cron
2824 1 2824 87 0.0 0.0 1844 Ss rpc.statd
2838 1 2838 80 0.0 0.0 11164 Ss systemd
2842 2 0 90 0.0 0.0 0 I [lockd]
2850 2838 2838 117 0.0 0.0 3592 S (sd-pam)
2852 1 2852 10 0.0 0.0 2032 Ss+ agetty
2859 2 0 22 0.0 0.0 0 I [nfsd]
2860 2 0 28 0.0 0.0 0 I [nfsd]
2861 2 0 4 0.0 0.0 0 I [nfsd]
2862 2 0 33 0.0 0.0 0 I [nfsd]
2863 2 0 122 0.0 0.0 0 I [nfsd]
2864 2 0 90 0.0 0.0 0 I [nfsd]
2865 2 0 1 0.0 0.0 0 I [nfsd]
2866 2 0 79 0.0 0.0 0 I [nfsd]
2878 2838 2878 13 0.0 0.0 25880 Ss python
2879 2838 2879 104 0.2 0.0 131420 Ssl python3
2886 2838 2886 47 0.0 0.0 20620 Ss python3
2889 2838 2889 12 0.1 0.0 56404 Ssl python
2962 2879 2962 109 0.0 0.0 11048 Ss python3
2963 2879 2963 4 0.0 0.0 7248 Ss python3
2980 2838 2980 74 0.0 0.0 3232 SLsl gpg-agent
3762 2838 3762 103 0.7 0.0 111696 Ssl python3
4459 1 4459 56 0.0 0.0 8180 Ss sshd:
10236 2 0 20 0.0 0.0 0 S [psimon]
67371 1 67371 64 0.0 0.0 39264 Ssl fwupd
68574 1 68574 23 0.0 0.0 8044 Ssl upowerd
603823 2 0 89 0.0 0.0 0 I< 89:2H-kblockd]
1278235 2 0 115 0.0 0.0 0 I< 115:2H-kblockd]
1279331 2 0 48 0.0 0.0 0 I< 48:2H-kblockd]
1391018 4459 1391018 10 0.0 0.0 10524 Ss sshd:
1391130 1391018 1391018 9 0.3 0.0 7108 S sshd:
1391132 1391130 1391132 65 0.0 0.0 4412 Ss -bash
1391239 1391132 1391239 82 0.0 0.0 7840 Sl+ node
1391246 1391239 1391239 70 4.0 0.1 547900 Sl+ codex
1393457 1391246 1393457 118 0.0 0.0 12208 Sl codex-code-mode-host
1442572 4459 1442572 30 0.0 0.0 10424 Ss sshd:
1442726 1442572 1442572 106 0.1 0.0 6728 S sshd:
1442727 1442726 1442727 2 0.0 0.0 3692 Ss -bash
1443028 1442727 1443028 88 0.0 0.0 3936 Sl+ node
1443037 1443028 1443028 94 1.4 0.0 106708 Sl+ codex
1447216 1443037 1447216 57 0.0 0.0 5604 Sl codex-code-mode-host
1451921 2838 1451921 72 0.0 0.0 42488 Ssl dolt
1630518 2 0 120 0.0 0.0 0 I u271:0-events_unbound]
1643530 1 1643530 72 0.0 0.0 12252 Ss python3
1643531 1643530 1643530 71 0.1 0.0 8644 S python3
1643552 1643531 1643530 2 0.1 0.0 19664 S python3
1644556 1643552 1643530 73 0.0 0.0 1760 S ld-linux-x86-64.so.2
1644557 1644556 1644557 42 0.0 0.0 1244 Ss ld-linux-x86-64.so.2
1644558 1644557 1644557 56 0.2 0.0 9380 S python
1644559 1644558 1644557 127 1.1 0.0 94000 Sl python
1644645 1644559 1644645 4 0.1 0.0 8060 Ss python
1644646 1644559 1644646 21 0.1 0.0 7680 Ss python
1644647 1644559 1644647 109 0.1 0.0 8428 Ss python
1644648 1644559 1644648 22 0.1 0.0 8936 Ss python
1644649 1644559 1644649 56 0.1 0.0 7732 Ss python
1644650 1644559 1644650 90 0.1 0.0 8332 Ss python
1644652 1644559 1644652 97 0.1 0.0 7676 Ss python
1644653 1644559 1644653 104 0.1 0.0 7920 Ss python
1644654 1644645 1644645 74 0.0 0.0 106496 Sl python
1644655 1644653 1644653 96 0.0 0.0 109380 Sl python
1644656 1644652 1644652 106 0.0 0.0 104588 Sl python
1644657 1644646 1644646 45 0.0 0.0 103000 Sl python
1644658 1644648 1644648 25 0.0 0.0 104696 Sl python
1644659 1644647 1644647 21 0.0 0.0 99532 Sl python
1644660 1644649 1644649 48 0.0 0.0 111412 Sl python
1644661 1644650 1644650 41 0.0 0.0 101276 Sl python
1731953 2 0 81 0.0 0.0 0 I u261:2-events_unbound]
2019159 2 0 105 0.0 0.0 0 I u267:0-events_unbound]
2050137 2 0 120 0.0 0.0 0 I u271:3-events_unbound]
2062463 2 0 9 0.0 0.0 0 I u259:3-events_unbound]
2134484 2 0 12 0.0 0.0 0 I u260:0-writeback]
2149605 2 0 31 0.0 0.0 0 I u264:1-events_unbound]
2228688 2 0 95 0.0 0.0 0 I u264:3-flush-259:2]
2232092 2 0 103 0.0 0.0 0 I u266:2-events_unbound]
2248263 2 0 90 0.0 0.0 0 I md127]
2249108 2 0 75 0.0 0.0 0 I md127]
2268033 2 0 45 0.0 0.0 0 I u268:1-events_unbound]
2289494 2 0 32 0.0 0.0 0 I u265:0-events_unbound]
2309771 2 0 57 0.0 0.0 0 I 57:1-cgroup_release]
2313421 2 0 96 0.0 0.0 0 I u265:3-flush-259:2]
2319160 2 0 112 0.0 0.0 0 I u269:3-events_unbound]
2328813 2 0 116 0.0 0.0 0 I u270:3-events_power_efficient]
2333303 2 0 50 0.0 0.0 0 I md127]
2342232 2 0 2 0.0 0.0 0 I u257:0-flush-259:2]
2348079 2 0 17 0.0 0.0 0 I 17:2-rcu_par_gp]
2349592 2 0 44 0.0 0.0 0 I u268:3-events_unbound]
2351690 2 0 120 0.0 0.0 0 I u271:2-events_unbound]
2353000 2 0 106 0.0 0.0 0 I 106:0-mm_percpu_wq]
2354414 2 0 42 0.0 0.0 0 I u267:1-events_unbound]
2379634 2 0 79 0.0 0.0 0 I u260:1-events_unbound]
2383033 2 0 97 0.0 0.0 0 I u265:1-events_unbound]
2384490 2 0 119 0.0 0.0 0 I u270:1-events_power_efficient]
2385977 2 0 67 0.0 0.0 0 I md127]
2386081 2 0 60 0.0 0.0 0 I u272:2-events_unbound]
2386956 2 0 19 0.0 0.0 0 I 19:1-mm_percpu_wq]
2391778 2 0 85 0.0 0.0 0 I md127]
2391779 2 0 23 0.0 0.0 0 I u262:3-events_unbound]
2395574 2 0 7 0.0 0.0 0 I 7:1-cgroup_release]
2395776 2 0 109 0.0 0.0 0 I 109:1-mm_percpu_wq]
2396215 2 0 122 0.0 0.0 0 I 122:2-mm_percpu_wq]
2396673 2 0 45 0.0 0.0 0 I u268:0-events_unbound]
2401490 2 0 5 0.0 0.0 0 I u258:2-events_unbound]
2404626 2 0 77 0.0 0.0 0 I 77:0-cgroup_free]
2405921 2 0 122 0.0 0.0 0 I md127]
2411854 2 0 45 0.0 0.0 0 I 45:0-rcu_par_gp]
2414870 2 0 39 0.0 0.0 0 I 39:0-mm_percpu_wq]
2416283 2 0 0 0.0 0.0 0 I u257:3]
2416772 2 0 71 0.0 0.0 0 I 71:2-events]
2420656 2 0 73 0.0 0.0 0 I u259:0-events_unbound]
2420839 2 0 118 0.0 0.0 0 I 118:0-mm_percpu_wq]
2421318 2 0 68 0.0 0.0 0 I 68:2-mm_percpu_wq]
2422129 2 0 29 0.0 0.0 0 I 29:1-mm_percpu_wq]
2424715 2 0 69 0.0 0.0 0 I 69:5-cgroup_free]
2425577 1 2425577 121 0.0 0.0 24732 Ss python
2429147 2 0 93 0.0 0.0 0 I 93:1-rcu_par_gp]
2429785 2 0 27 0.0 0.0 0 I 27:2-rcu_gp]
2430527 2 0 89 0.0 0.0 0 I 89:0-mm_percpu_wq]
2431176 2 0 3 0.0 0.0 0 I u257:2-events_unbound]
2432036 2 0 29 0.0 0.0 0 I u264:0-flush-259:2]
2432994 2 0 66 0.0 0.0 0 I 66:0-cgroup_free]
2433528 2 0 58 0.0 0.0 0 I 58:2-mm_percpu_wq]
2433665 2 0 90 0.0 0.0 0 I 90:0-events]
2433929 2 0 118 0.0 0.0 0 I u270:2-events_power_efficient]
2435172 2 0 78 0.0 0.0 0 I 78:0-mm_percpu_wq]
2435480 2 0 8 0.0 0.0 0 I 8:0-mm_percpu_wq]
2436708 2 0 33 0.0 0.0 0 I 33:2-cgroup_free]
2436825 2 0 36 0.0 0.0 0 I 36:1-mm_percpu_wq]
2436914 2 0 110 0.0 0.0 0 I 110:2-rcu_par_gp]
2437912 2 0 5 0.0 0.0 0 I 5:2-cgroup_free]
2438856 2 0 41 0.0 0.0 0 I 41:2-mm_percpu_wq]
2438923 2 0 127 0.0 0.0 0 I 127:0-mm_percpu_wq]
2438990 2 0 84 0.0 0.0 0 I 84:1-rcu_par_gp]
2439103 2 0 26 0.0 0.0 0 I 26:1-mm_percpu_wq]
2439329 2 0 85 0.0 0.0 0 I 85:1-cgroup_release]
2439628 2 0 64 0.0 0.0 0 I 64:2-cgroup_free]
2439856 2 0 88 0.0 0.0 0 I 88:2-mm_percpu_wq]
2440958 2 0 126 0.0 0.0 0 I md127]
2441310 2 0 116 0.0 0.0 0 I 116:1-rcu_par_gp]
2441858 2 0 33 0.0 0.0 0 I 33:1-mm_percpu_wq]
2442249 2 0 60 0.0 0.0 0 I 60:2-mm_percpu_wq]
2442344 2 0 79 0.0 0.0 0 I 79:1-rcu_par_gp]
2442842 2 0 18 0.0 0.0 0 I 18:1-mm_percpu_wq]
2443427 2 0 126 0.0 0.0 0 I u272:1-events_unbound]
2444004 2 0 32 0.0 0.0 0 I md127]
2444452 2 0 47 0.0 0.0 0 I 47:1-events]
2444565 1644657 2444565 28 100 0.3 1694200 Rsl python
2446086 2 0 40 0.0 0.0 0 I 40:1-cgroup_free]
2446181 1644655 2446181 57 100 0.2 1508080 Rsl python
2446253 2 0 25 0.0 0.0 0 I 25:0-mm_percpu_wq]
2446635 1644659 2446635 5 100 0.2 1450228 Rsl python
2446713 2 0 20 0.0 0.0 0 I 20:1-mm_percpu_wq]
2446974 2 0 98 0.0 0.0 0 I 98:1-mm_percpu_wq]
2447210 2 0 90 0.0 0.0 0 I 90:1-events]
2447229 1644660 2447229 125 100 0.2 1454856 Rsl python
2447729 2 0 125 0.0 0.0 0 I md127]
2447766 1644658 2447766 26 100 0.3 1606640 Rsl python
2448070 1644658 2448070 40 100 0.2 1448168 Rsl python
2448442 1644658 2448442 89 100 0.2 1439468 Rsl python
2448636 2 0 13 0.0 0.0 0 I u260:2-events_unbound]
2448872 1644657 2448872 34 100 0.2 1430112 Rsl python
2448952 1644655 2448952 41 100 0.2 1344152 Rsl python
2449325 2 0 0 0.0 0.0 0 I 0:0-events]
2449416 2 0 75 0.0 0.0 0 I 75:0-mm_percpu_wq]
2449487 1644660 2449487 39 100 0.2 1389828 Rsl python
2449588 1644657 2449588 27 100 0.2 1382720 Rsl python
2449589 1644654 2449589 43 100 0.2 1372536 Rsl python
2450163 1644661 2450163 3 100 0.3 1583904 Rsl python
2450245 2 0 5 0.0 0.0 0 I u256:4-ipv6_addrconf]
2450387 2 0 37 0.0 0.0 0 I 37:2-mm_percpu_wq]
2450439 2 0 60 0.0 0.0 0 I 60:0-cgroup_release]
2450694 1644657 2450694 86 100 0.2 1331820 Rsl python
2451049 1644660 2451049 7 100 0.2 1355568 Rsl python
2451142 1644660 2451142 81 100 0.2 1378600 Rsl python
2451143 1644657 2451143 108 100 0.2 1396604 Rsl python
2451823 1644655 2451823 110 100 0.2 1326812 Rsl python
2451949 1644654 2451949 55 100 0.2 1421896 Rsl python
2452470 2 0 80 0.0 0.0 0 I 80:2-cgroup_free]
2452574 2 0 97 0.0 0.0 0 I 97:1-events]
2452681 1644660 2452681 77 100 0.2 1333496 Rsl python
2452789 2 0 53 0.0 0.0 0 I 53:25-mm_percpu_wq]
2452995 2 0 99 0.0 0.0 0 I 99:3-rcu_par_gp]
2453169 1644660 2453169 85 100 0.2 1378864 Rsl python
2453444 2 0 96 0.0 0.0 0 I 96:0-cgroup_free]
2453560 2 0 49 0.0 0.0 0 I 49:2-cgroup_release]
2453651 1644654 2453651 100 100 0.2 1350208 Rsl python
2453891 2 0 42 0.0 0.0 0 I 42:1-cgroup_free]
2453892 2 0 90 0.0 0.0 0 I u263:3-events_unbound]
2453926 1644656 2453926 79 100 0.2 1279148 Rsl python
2454151 1644656 2454151 94 100 0.2 1328328 Rsl python
2454248 1644657 2454248 65 100 0.2 1356904 Rsl python
2454312 1644656 2454312 115 100 0.2 1375204 Rsl python
2454840 1644661 2454840 73 100 0.2 1373908 Rsl python
2454918 2 0 94 0.0 0.0 0 I md127]
2455095 2 0 82 0.0 0.0 0 I 82:2-rcu_par_gp]
2455148 2 0 112 0.0 0.0 0 I u269:0-events_unbound]
2455163 2 0 18 0.0 0.0 0 I 18:2-cgroup_release]
2455257 1644659 2455257 67 100 0.2 1319772 Rsl python
2455579 2 0 21 0.0 0.0 0 I md127]
2455670 2 0 58 0.0 0.0 0 I 58:1-rcu_par_gp]
2455671 1644660 2455671 113 100 0.2 1339532 Rsl python
2455672 1644654 2455672 126 100 0.2 1337592 Rsl python
2456172 1644657 2456172 50 100 0.2 1320248 Rsl python
2456395 1644658 2456395 45 100 0.2 1375088 Rsl python
2456474 2 0 65 0.0 0.0 0 I 65:0-mm_percpu_wq]
2456510 1644659 2456510 17 100 0.2 1381044 Rsl python
2457025 1644656 2457025 93 100 0.2 1310644 Rsl python
2457281 2 0 51 0.0 0.0 0 I 51:2-rcu_par_gp]
2457471 2 0 74 0.0 0.0 0 I 74:2-cgroup_free]
2457595 1644656 2457595 20 100 0.2 1286860 Rsl python
2457819 1644656 2457819 88 100 0.2 1323220 Rsl python
2457820 1644658 2457820 68 100 0.2 1317896 Rsl python
2458267 1644661 2458267 32 100 0.2 1268684 Rsl python
2458331 1644658 2458331 37 100 0.2 1260976 Rsl python
2458733 1644655 2458733 74 100 0.2 1290852 Rsl python
2458856 2 0 61 0.0 0.0 0 I 61:1-rcu_gp]
2459123 2 0 117 0.0 0.0 0 I 117:0-mm_percpu_wq]
2459210 1644655 2459210 58 100 0.2 1281108 Rsl python
2459451 1644660 2459451 116 100 0.2 1278992 Rsl python
2459679 2 0 6 0.0 0.0 0 I u258:1-events_unbound]
2459725 2 0 62 0.0 0.0 0 I 62:0-mm_percpu_wq]
2459726 1644657 2459726 38 100 0.2 1226236 Rsl python
2459727 1644658 2459727 99 100 0.2 1318260 Rsl python
2459868 2 0 102 0.0 0.0 0 I 102:1-mm_percpu_wq]
2460142 1644658 2460142 59 100 0.2 1238188 Rsl python
2460423 1644655 2460423 52 100 0.2 1244712 Rsl python
2460864 2 0 126 0.0 0.0 0 I md127]
2460982 1644656 2460982 105 100 0.2 1293384 Rsl python
2461072 2 0 64 0.0 0.0 0 I 64:1-events]
2461371 2 0 38 0.0 0.0 0 I 38:2-events]
2461471 1644654 2461471 102 100 0.2 1268656 Rsl python
2461834 2 0 46 0.0 0.0 0 I 46:0-rcu_gp]
2462336 2 0 16 0.0 0.0 0 I u261:1-events_unbound]
2462439 2 0 71 0.0 0.0 0 I 71:0]
2462509 1644657 2462509 53 100 0.2 1276760 Rsl python
2462603 2 0 119 0.0 0.0 0 I 119:0-rcu_par_gp]
2462604 2 0 67 0.0 0.0 0 I md127]
2462605 2 0 52 0.0 0.0 0 I 52:0-mm_percpu_wq]
2462800 2 0 118 0.0 0.0 0 I 118:2-cgroup_free]
2462802 1644655 2462802 78 100 0.2 1249472 Rsl python
2462890 2 0 107 0.0 0.0 0 I u267:2-events_unbound]
2462897 2 0 43 0.0 0.0 0 I 43:2-rcu_par_gp]
2462918 1644657 2462918 49 100 0.2 1224360 Rsl python
2463123 2 0 3 0.0 0.0 0 I 3:0-mm_percpu_wq]
2463305 1644658 2463305 19 100 0.2 1234116 Rsl python
2463593 1644654 2463593 48 100 0.2 1194084 Rsl python
2463687 1644655 2463687 87 100 0.2 1235984 Rsl python
2463754 2 0 13 0.0 0.0 0 I 13:1-cgroup_free]
2464385 1644657 2464385 66 100 0.2 1212368 Rsl python
2464480 2 0 26 0.0 0.0 0 I 26:2-rcu_par_gp]
2464640 1644660 2464640 69 100 0.2 1190544 Rsl python
2464757 2 0 123 0.0 0.0 0 I md127]
2464955 1644654 2464955 30 100 0.2 1204452 Rsl python
2465722 2 0 19 0.0 0.0 0 I 19:0-rcu_par_gp]
2465842 2 0 56 0.0 0.0 0 I 56:0-mm_percpu_wq]
2465854 1644656 2465854 103 100 0.2 1206800 Rsl python
2466024 2 0 15 0.0 0.0 0 I 15:0-cgroup_release]
2466152 1644656 2466152 75 100 0.2 1201876 Rsl python
2466703 2 0 35 0.0 0.0 0 I 35:0-mm_percpu_wq]
2466723 2 0 97 0.0 0.0 0 I 97:0-rcu_par_gp]
2466725 2 0 48 0.0 0.0 0 I u269:2-events_unbound]
2466806 2 0 10 0.0 0.0 0 I 10:1-events]
2466899 1644654 2466899 83 100 0.2 1196516 Rsl python
2467301 2 0 6 0.0 0.0 0 I md127]
2467825 2 0 4 0.0 0.0 0 I 4:1-cgroup_release]
2467932 2 0 90 0.0 0.0 0 I u263:2-events_unbound]
2467974 2 0 109 0.0 0.0 0 I 109:2-cgroup_free]
2468008 2 0 65 0.0 0.0 0 I 65:2-cgroup_release]
2468062 1644660 2468062 76 100 0.2 1168108 Rsl python
2468135 1644658 2468135 106 100 0.2 1178384 Rsl python
2468554 1644655 2468554 117 100 0.2 1170492 Rsl python
2468846 2 0 92 0.0 0.0 0 I 92:3-mm_percpu_wq]
2468897 2 0 111 0.0 0.0 0 I 111:1-mm_percpu_wq]
2468928 2 0 44 0.0 0.0 0 I 44:1-rcu_par_gp]
2469209 2 0 11 0.0 0.0 0 I 11:12-cgroup_free]
2469211 2 0 28 0.0 0.0 0 I 28:4-rcu_gp]
2469223 2 0 95 0.0 0.0 0 I md127]
2469231 2 0 70 0.0 0.0 0 I 70:1-cgroup_free]
2469884 1644654 2469884 10 100 0.2 1170252 Rsl python
2469981 2 0 31 0.0 0.0 0 I md127]
2470432 1644654 2470432 114 100 0.2 1170200 Rsl python
2470770 2 0 22 0.0 0.0 0 I 22:1-cgroup_free]
2471228 1644658 2471228 122 100 0.2 1171920 Rsl python
2471970 2 0 12 0.0 0.0 0 I md127]
2472011 2 0 14 0.0 0.0 0 I 14:0-cgroup_free]
2472185 2 0 48 0.0 0.0 0 I md127]
2472231 2 0 83 0.0 0.0 0 I 83:2-cgroup_free]
2472251 2 0 16 0.0 0.0 0 I 16:0-cgroup_release]
2472314 2 0 87 0.0 0.0 0 I 87:1-cgroup_release]
2472461 2 0 40 0.0 0.0 0 I 40:0-mm_percpu_wq]
2472637 2 0 20 0.0 0.0 0 I u262:2-events_unbound]
2472949 2 0 23 0.0 0.0 0 I 23:0-mm_percpu_wq]
2473192 2 0 77 0.0 0.0 0 I 77:2-mm_percpu_wq]
2473422 2 0 100 0.0 0.0 0 I 100:2-mm_percpu_wq]
2473486 2 0 107 0.0 0.0 0 I 107:2-mm_percpu_wq]
2473547 1644654 2473547 111 100 0.2 1170108 Rsl python
2473801 2 0 30 0.0 0.0 0 I 30:3-cgroup_release]
2473978 2 0 91 0.0 0.0 0 I 91:0-rcu_par_gp]
2474030 1644655 2474030 84 100 0.2 1169224 Rsl python
2474354 2 0 86 0.0 0.0 0 I 86:1-rcu_gp]
2474424 2 0 9 0.0 0.0 0 I 9:2-cgroup_free]
2474730 2 0 119 0.0 0.0 0 I 119:1-cgroup_release]
2474892 2 0 104 0.0 0.0 0 I 104:2-cgroup_free]
2475037 2 0 52 0.0 0.0 0 I 52:1-rcu_par_gp]
2475336 2 0 55 0.0 0.0 0 I 55:1-cgroup_free]
2475659 2 0 115 0.0 0.0 0 I 115:4-mm_percpu_wq]
2475914 2 0 59 0.0 0.0 0 I 59:2-events]
2475915 2 0 2 0.0 0.0 0 I 2:1-mm_percpu_wq]
2475963 2 0 101 0.0 0.0 0 I 101:2-rcu_par_gp]
2475967 2 0 125 0.0 0.0 0 I md127]
2476137 2 0 96 0.0 0.0 0 I 96:2-mm_percpu_wq]
2476209 2 0 124 0.0 0.0 0 I 124:1-rcu_par_gp]
2476373 2 0 66 0.0 0.0 0 I 66:2-mm_percpu_wq]
2476474 2 0 112 0.0 0.0 0 I 112:0-rcu_par_gp]
2476877 2 0 111 0.0 0.0 0 I 111:2-cgroup_release]
2476964 2 0 74 0.0 0.0 0 I 74:0-cgroup_free]
2477038 2 0 105 0.0 0.0 0 I 105:0-mm_percpu_wq]
2477065 2 0 41 0.0 0.0 0 I 41:1-rcu_par_gp]
2477081 2 0 70 0.0 0.0 0 I 70:0-rcu_par_gp]
2478183 2 0 16 0.0 0.0 0 I 16:2-cgroup_free]
2478234 2 0 12 0.0 0.0 0 I md127]
2478238 2 0 68 0.0 0.0 0 I 68:1-cgroup_release]
2478339 2 0 22 0.0 0.0 0 I 22:0-mm_percpu_wq]
2478409 2 0 49 0.0 0.0 0 I 49:0-cgroup_free]
2478410 2 0 18 0.2 0.0 0 I u261:3-flush-9:127]
2478500 2 0 1 0.0 0.0 0 I md127]
2478852 2 0 54 0.0 0.0 0 I 54:1-mm_percpu_wq]
2478942 2 0 17 0.0 0.0 0 I 17:0-mm_percpu_wq]
2479110 2 0 32 0.0 0.0 0 I md127]
2479147 2 0 46 0.0 0.0 0 I 46:1-mm_percpu_wq]
2479259 2 0 89 0.0 0.0 0 I 89:2-rcu_par_gp]
2479562 2 0 62 0.0 0.0 0 I md127]
2480004 2 0 42 0.0 0.0 0 I 42:2-mm_percpu_wq]
2480283 1644657 2480283 106 100 0.1 849196 Rsl python
2480389 2 0 13 0.0 0.0 0 I 13:2-events]
2480408 1644655 2480408 6 100 0.1 873468 Rsl python
2480832 2 0 120 0.0 0.0 0 I 120:0-mm_percpu_wq]
2480852 2 0 117 0.0 0.0 0 I 117:1-cgroup_free]
2480858 1644655 2480858 123 100 0.1 858384 Rsl python
2480953 2 0 31 0.0 0.0 0 I md127]
2481130 2 0 93 0.0 0.0 0 I 93:0-rcu_gp]
2481164 2 0 84 0.0 0.0 0 I 84:0-mm_percpu_wq]
2481311 2 0 34 0.0 0.0 0 I 34:0-cgroup_free]
2481539 2 0 98 0.0 0.0 0 I 98:2-rcu_par_gp]
2481627 2 0 86 0.0 0.0 0 I 86:2-mm_percpu_wq]
2481786 2 0 72 0.0 0.0 0 I 72:1-cgroup_free]
2481835 2 0 76 0.0 0.0 0 I 76:2-rcu_par_gp]
2482042 2 0 24 0.0 0.0 0 I 24:1-cgroup_free]
2482159 2 0 50 0.0 0.0 0 I 50:1-cgroup_release]
2482604 2 0 103 0.0 0.0 0 I 103:2-cgroup_free]
2482734 2 0 55 0.0 0.0 0 I 55:2-rcu_par_gp]
2482853 2 0 80 0.0 0.0 0 I 80:1-mm_percpu_wq]
2482937 2 0 6 0.0 0.0 0 I md127]
2483010 2 0 108 0.0 0.0 0 I 108:0-cgroup_release]
2483119 2 0 101 0.0 0.0 0 I 101:0-rcu_par_gp]
2483760 2 0 124 0.0 0.0 0 I 124:0-mm_percpu_wq]
2484029 2 0 7 0.0 0.0 0 I 7:2-mm_percpu_wq]
2484166 2 0 121 0.0 0.0 0 I 121:0-mm_percpu_wq]
2484364 2 0 51 0.0 0.0 0 I 51:1-cgroup_release]
2484413 2 0 106 0.0 0.0 0 I 106:1-cgroup_free]
2484520 2 0 82 0.0 0.0 0 I 82:0-mm_percpu_wq]
2484608 2 0 3 0.0 0.0 0 I 3:1-cgroup_free]
2484695 2 0 113 0.0 0.0 0 I 113:0-cgroup_free]
2484859 2 0 63 0.0 0.0 0 I 63:1-cgroup_free]
2484937 2 0 1 0.0 0.0 0 I md127]
2485010 2 0 37 0.0 0.0 0 I 37:1-cgroup_free]
2485046 2 0 112 0.0 0.0 0 I 112:2-mm_percpu_wq]
2485056 2 0 73 0.0 0.0 0 I 73:1-cgroup_release]
2485096 2 0 81 0.0 0.0 0 I 81:1-rcu_gp]
2485194 2 0 8 0.0 0.0 0 I 8:1-rcu_gp]
2485260 2 0 61 0.0 0.0 0 I 61:0-events]
2485421 2 0 125 0.0 0.0 0 I u272:3-events_unbound]
2485537 2 0 14 0.0 0.0 0 I 14:1-mm_percpu_wq]
2485538 2 0 16 0.0 0.0 0 I 16:1-cgroup_free]
2485548 1644661 2485548 54 101 0.1 781444 Rsl python
2485794 2 0 28 0.0 0.0 0 I 28:1-cgroup_free]
2485820 2 0 95 0.0 0.0 0 I md127]
2485912 2 0 104 0.0 0.0 0 I 104:0-events]
2486166 2 0 48 0.0 0.0 0 I md127]
2486185 2 0 92 0.0 0.0 0 I 92:1-rcu_par_gp]
2486309 2 0 10 0.0 0.0 0 I 10:2-events]
2486319 2 0 21 0.0 0.0 0 I md127]
2486325 2 0 5 0.0 0.0 0 I md127]
2486543 2 0 123 0.0 0.0 0 I md127]
2486613 2 0 114 0.0 0.0 0 I 114:1-rcu_par_gp]
2487264 2 0 100 0.0 0.0 0 I u266:0-events_unbound]
2487304 2 0 83 0.0 0.0 0 I 83:1-mm_percpu_wq]
2488447 2 0 20 0.0 0.0 0 I 20:2-cgroup_free]
2489014 2 0 94 0.0 0.0 0 I md127]
2489183 2 0 72 0.0 0.0 0 I 72:0-rcu_gp]
2489254 2 0 99 0.0 0.0 0 I 99:0-rcu_par_gp]
2489381 2 0 87 0.0 0.0 0 I 87:2-cgroup_bpf_destroy]
2489397 2 0 71 0.1 0.0 0 I u256:1-ext4-rsv-conversion]
2489833 2 0 4 0.0 0.0 0 I 4:2-events]
2490199 1644661 2490199 44 101 0.1 706056 Rsl python
2490470 2 0 59 0.0 0.0 0 I 59:0-rcu_par_gp]
2490561 1644659 2490561 25 101 0.1 696080 Rsl python
2490849 2 0 49 0.0 0.0 0 I 49:1-mm_percpu_wq]
2490881 2 0 54 0.0 0.0 0 I 54:0-cgroup_free]
2490959 2 0 108 0.0 0.0 0 I 108:2-rcu_gp]
2491008 2 0 85 0.0 0.0 0 I 85:0-mm_percpu_wq]
2491009 2 0 29 0.0 0.0 0 I 29:0]
2491196 2 0 32 0.0 0.0 0 I md127]
2491206 2 0 24 0.0 0.0 0 I 24:2-mm_percpu_wq]
2491361 2 0 43 0.0 0.0 0 I 43:1-rcu_par_gp]
2491362 2 0 105 0.0 0.0 0 I 105:1-cgroup_release]
2491381 2 0 69 0.0 0.0 0 I 69:0-rcu_par_gp]
2491799 2 0 36 0.0 0.0 0 I 36:2-cgroup_free]
2492038 2 0 102 0.0 0.0 0 I 102:0-cgroup_release]
2492039 2 0 9 0.0 0.0 0 I 9:0-events]
2492148 2 0 4 0.0 0.0 0 I u258:3-writeback]
2492255 2 0 34 0.0 0.0 0 I md127]
2492422 2 0 45 0.0 0.0 0 I 45:2-mm_percpu_wq]
2492423 2 0 53 0.0 0.0 0 I 53:0-cgroup_free]
2492633 2 0 44 0.0 0.0 0 I 44:2-cgroup_release]
2492657 2 0 23 0.0 0.0 0 I 23:2-cgroup_release]
2493384 2 0 116 0.0 0.0 0 I 116:0-rcu_par_gp]
2493803 1644661 2493803 70 101 0.1 652248 Rsl python
2493885 2 0 73 0.0 0.0 0 I 73:2-rcu_par_gp]
2494027 2 0 75 0.0 0.0 0 I 75:2-rcu_gp]
2494093 2 0 11 0.0 0.0 0 I 11:0-mm_percpu_wq]
2494217 1644659 2494217 62 101 0.1 641992 Rsl python
2494488 2 0 118 0.0 0.0 0 I 118:1]
2494760 2 0 0 0.0 0.0 0 I 0:1-rcu_par_gp]
2495210 2 0 25 0.0 0.0 0 I 25:1-events]
2495211 1644660 2495211 29 101 0.1 604388 Rsl python
2495525 2 0 111 0.0 0.0 0 I 111:0-rcu_par_gp]
2495746 2 0 113 0.0 0.0 0 I 113:2-mm_percpu_wq]
2495858 2 0 56 0.0 0.0 0 I 56:1-cgroup_release]
2495896 2 0 78 0.0 0.0 0 I md127]
2496176 1644659 2496176 124 101 0.1 614972 Rsl python
2496322 2 0 107 0.0 0.0 0 I 107:1-rcu_par_gp]
2496797 2 0 91 0.0 0.0 0 I 91:1-mm_percpu_wq]
2496922 2 0 84 0.0 0.0 0 I 84:2]
2496923 2 0 112 0.0 0.0 0 I md127]
2497471 2 0 2 0.0 0.0 0 I 2:2-cgroup_free]
2497486 2 0 63 0.0 0.0 0 I 63:0-mm_percpu_wq]
2497494 2 0 81 0.0 0.0 0 I 81:5-mm_percpu_wq]
2497875 1644659 2497875 98 101 0.1 609288 Rsl python
2497953 2 0 35 0.0 0.0 0 I 35:1-cgroup_release]
2498658 2 0 121 0.0 0.0 0 I 121:1-rcu_par_gp]
2498689 2 0 103 0.0 0.0 0 I 103:1-mm_percpu_wq]
2498763 2 0 127 0.0 0.0 0 I 127:1-cgroup_free]
2498813 2 0 76 0.0 0.0 0 I 76:0-events]
2498814 2 0 32 0.0 0.0 0 I md127]
2498899 2 0 79 0.0 0.0 0 I 79:0-mm_percpu_wq]
2498946 2 0 67 0.0 0.0 0 I 67:1-mm_percpu_wq]
2498947 2 0 114 0.0 0.0 0 I 114:2-rcu_par_gp]
2498962 2 0 38 0.0 0.0 0 I 38:1-mm_percpu_wq]
2498964 2 0 30 0.0 0.0 0 I 30:1-mm_percpu_wq]
2499172 2 0 1 0.0 0.0 0 I 1:0-mm_percpu_wq]
2499276 2 0 47 0.0 0.0 0 I 47:2-cgroup_free]
2499318 1644659 2499318 18 102 0.1 594644 Rsl python
2499396 2 0 119 0.0 0.0 0 I 119:2-mm_percpu_wq]
2499655 2 0 27 0.0 0.0 0 I 27:0-mm_percpu_wq]
2499660 2 0 100 0.0 0.0 0 I 100:1-events]
2500190 1644661 2500190 16 102 0.1 580316 Rsl python
2500424 2 0 31 0.0 0.0 0 I md127]
2500443 2 0 101 0.0 0.0 0 S u266:3+events_unbound]
2500575 2 0 88 0.0 0.0 0 I 88:0-cgroup_free]
2500823 2 0 123 0.0 0.0 0 I 123:0-events]
2500824 2 0 110 0.0 0.0 0 I 110:1-mm_percpu_wq]
2500919 2 0 120 0.0 0.0 0 I 120:2-rcu_par_gp]
2501072 2 0 3 0.0 0.0 0 I 3:2-cgroup_free]
2501121 2 0 95 0.0 0.0 0 I md127]
2501658 2 0 115 0.0 0.0 0 I 115:0-mm_percpu_wq]
2502247 2 0 39 0.0 0.0 0 I 39:1-events]
2502266 2 0 72 0.0 0.0 0 I 72:2-mm_percpu_wq]
2502336 2 0 57 0.0 0.0 0 I 57:2-mm_percpu_wq]
2502385 2 0 15 0.0 0.0 0 I 15:1-mm_percpu_wq]
2502638 2 0 80 0.0 0.0 0 I 80:0]
2502705 2 0 99 0.0 0.0 0 I 99:1-mm_percpu_wq]
2502886 2 0 108 0.0 0.0 0 I 108:1-mm_percpu_wq]
2502951 2 0 51 0.0 0.0 0 I 51:0-events]
2503019 1644659 2503019 23 103 0.0 487960 Rsl python
2503113 2 0 8 0.0 0.0 0 I 8:2-rcu_par_gp]
2503268 2 0 48 0.0 0.0 0 I md127]
2503274 2 0 19 0.0 0.0 0 I 19:2]
2503275 2 0 65 0.0 0.0 0 I 65:1-cgroup_free]
2503327 2 0 10 0.0 0.0 0 I 10:0-rcu_gp]
2503369 2 0 104 0.0 0.0 0 I 104:1-mm_percpu_wq]
2503601 2 0 54 0.0 0.0 0 I 54:2]
2503770 2 0 101 0.0 0.0 0 I 101:1-rcu_gp]
2503829 2 0 119 0.0 0.0 0 I u270:0-events_power_efficient]
2503836 2 0 55 0.0 0.0 0 I 55:0-mm_percpu_wq]
2503840 2 0 74 0.0 0.0 0 I 74:1-mm_percpu_wq]
2503890 2 0 103 0.0 0.0 0 I u256:0]
2503939 1644659 2503939 14 104 0.0 478372 Rsl python
2504184 2 0 59 0.0 0.0 0 I 59:1-mm_percpu_wq]
2504186 2 0 73 0.0 0.0 0 I 73:0-mm_percpu_wq]
2504190 2 0 9 0.0 0.0 0 I 9:1-cgroup_free]
2504223 1644660 2504223 97 103 0.0 441500 Rsl python
2504287 2 0 21 0.0 0.0 0 I md127]
2504288 2 0 21 0.0 0.0 0 I 21:3-events]
2504289 2 0 21 0.0 0.0 0 I 21:4]
2504290 2 0 62 0.0 0.0 0 I 62:2-cgroup_free]
2504291 2 0 48 0.0 0.0 0 I md127]
2504292 2 0 31 0.0 0.0 0 I md127]
2504293 2 0 31 0.0 0.0 0 I md127]
2504294 2 0 31 0.0 0.0 0 I md127]
2504295 2 0 31 0.0 0.0 0 I md127]
2504296 2 0 31 0.0 0.0 0 I 31:7-events]
2504297 2 0 31 0.0 0.0 0 I md127]
2504298 2 0 31 0.0 0.0 0 I md127]
2504299 2 0 31 0.0 0.0 0 I md127]
2504300 2 0 31 0.0 0.0 0 I md127]
2504301 2 0 31 0.0 0.0 0 I md127]
2504302 2 0 31 0.0 0.0 0 I md127]
2504303 2 0 48 0.0 0.0 0 I md127]
2504304 2 0 31 0.0 0.0 0 I md127]
2504305 2 0 48 0.0 0.0 0 I md127]
2504306 2 0 31 0.0 0.0 0 I md127]
2504307 2 0 48 0.0 0.0 0 I 48:6-rcu_par_gp]
2504308 2 0 31 0.0 0.0 0 I 31:16]
2504309 2 0 48 0.0 0.0 0 I 48:7-mm_percpu_wq]
2504310 2 0 48 0.0 0.0 0 I md127]
2504311 2 0 31 0.0 0.0 0 I 31:17]
2504312 2 0 48 0.0 0.0 0 I 48:9]
2504327 2 0 44 0.0 0.0 0 I 44:0-mm_percpu_wq]
2504497 2 0 123 0.0 0.0 0 I 123:3-events]
2504498 2 0 1 0.0 0.0 0 I 1:3-rcu_gp]
2504499 2 0 67 0.0 0.0 0 I md127]
2504500 2 0 12 0.0 0.0 0 I md127]
2504501 2 0 12 0.0 0.0 0 I 12:3-events]
2504502 2 0 94 0.0 0.0 0 I md127]
2504503 2 0 95 0.0 0.0 0 I md127]
2504504 2 0 94 0.0 0.0 0 I md127]
2504505 2 0 94 0.0 0.0 0 I 94:4-mm_percpu_wq]
2504506 2 0 94 0.0 0.0 0 I md127]
2504507 2 0 95 0.0 0.0 0 I md127]
2504508 2 0 94 0.0 0.0 0 I 94:6]
2504509 2 0 95 0.0 0.0 0 I md127]
2504510 2 0 95 0.0 0.0 0 I 95:5-mm_percpu_wq]
2504511 2 0 32 0.0 0.0 0 I md127]
2504512 2 0 32 0.0 0.0 0 I 32:5-mm_percpu_wq]
2504513 2 0 32 0.0 0.0 0 I md127]
2504514 2 0 32 0.0 0.0 0 I 32:7]
2504529 2 0 124 0.0 0.0 0 I 124:2-cgroup_release]
2504642 2 0 72 0.0 0.0 0 I 72:3]
2504674 1644659 2504674 0 104 0.0 473424 Rsl python
2504752 2 0 50 0.0 0.0 0 I md127]
2504771 2 0 68 0.0 0.0 0 I 68:0]
2504975 2 0 4 0.0 0.0 0 I 4:0-cgroup_free]
2504991 2 0 125 0.0 0.0 0 I md127]
2504995 2 0 34 0.0 0.0 0 I 34:1-mm_percpu_wq]
2506084 2 0 126 0.0 0.0 0 I md127]
2506090 2 0 5 0.0 0.0 0 I 5:1-mm_percpu_wq]
2506094 2 0 6 0.0 0.0 0 I 6:0-mm_percpu_wq]
2506095 2 0 6 0.0 0.0 0 I 6:3]
2506096 2 0 6 0.0 0.0 0 I md127]
2506097 2 0 6 0.0 0.0 0 I 6:5]
2506099 2 0 125 0.0 0.0 0 I 125:3-cgroup_free]
2506100 2 0 125 0.0 0.0 0 I md127]
2506108 2 0 126 0.0 0.0 0 I md127]
2506109 2 0 125 0.0 0.0 0 I 125:5-mm_percpu_wq]
2506110 2 0 126 0.0 0.0 0 I md127]
2506111 2 0 126 0.0 0.0 0 I md127]
2506112 2 0 126 0.0 0.0 0 I md127]
2506113 2 0 126 0.0 0.0 0 I md127]
2506114 2 0 126 0.0 0.0 0 I md127]
2506115 2 0 126 0.0 0.0 0 I 126:9-mm_percpu_wq]
2506116 2 0 125 0.0 0.0 0 I md127]
2506117 2 0 125 0.0 0.0 0 I 125:7]
2506118 2 0 126 0.0 0.0 0 I 126:10]
2506121 2 0 50 0.0 0.0 0 I 50:3-mm_percpu_wq]
2506126 2 0 50 0.0 0.0 0 I 50:4]
2506645 2 0 116 0.0 0.0 0 I 116:2-mm_percpu_wq]
2506973 2 0 69 0.0 0.0 0 I 69:1-mm_percpu_wq]
2506974 2 0 70 0.0 0.0 0 I 70:2-mm_percpu_wq]
2507178 1644656 2507178 24 105 0.0 415436 Rsl python
2507289 2 0 43 0.0 0.0 0 I 43:0-mm_percpu_wq]
2507290 2 0 102 0.0 0.0 0 I 102:2-cgroup_free]
2507601 2 0 24 0.0 0.0 0 I 24:0]
2507978 2 0 53 0.0 0.0 0 I 53:1]
2508089 1644658 2508089 8 105 0.0 423456 Rsl python
2508366 2 0 26 0.0 0.0 0 I 26:0-cgroup_release]
2508367 2 0 23 0.0 0.0 0 I 23:1-cgroup_free]
2508712 2 0 37 0.0 0.0 0 I 37:0]
2508924 2 0 40 0.0 0.0 0 I 40:2]
2508957 2 0 41 0.0 0.0 0 I 41:0]
2512810 2 0 87 0.0 0.0 0 I 87:0-cgroup_free]
2512836 2 0 87 0.0 0.0 0 I 87:3-mm_percpu_wq]
2513752 2 0 75 0.0 0.0 0 I 75:1]
2514283 2 0 33 0.0 0.0 0 I 33:0]
2514325 2 0 90 0.0 0.0 0 I 90:2-rcu_par_gp]
2514355 2 0 93 0.0 0.0 0 I 93:2-mm_percpu_wq]
2514532 2 0 45 0.0 0.0 0 I 45:1-rcu_gp]
2514580 2 0 81 0.0 0.0 0 I 81:0]
2514660 2 0 117 0.0 0.0 0 I 117:2]
2515122 1644656 2515122 46 111 0.0 383296 Rsl python
2515192 2 0 114 0.0 0.0 0 I 114:0-mm_percpu_wq]
2515494 1644661 2515494 96 113 0.0 406780 Rsl python
2515724 2 0 105 0.0 0.0 0 I 105:2-cgroup_free]
2515740 2 0 61 0.0 0.0 0 I 61:2]
2515830 2 0 18 0.0 0.0 0 I 18:0-rcu_gp]
2515877 2 0 121 0.0 0.0 0 I 121:2-rcu_par_gp]
2515912 1644661 2515912 31 116 0.0 395476 Rsl python
2516135 1644654 2516135 72 116 0.0 405840 Rsl python
2516136 1644661 2516136 1 112 0.0 385748 Rsl python
2516549 1644661 2516549 63 119 0.0 383904 Rsl python
2516644 2 0 22 0.0 0.0 0 I 22:2]
2516659 2 0 100 0.0 0.0 0 I 100:0-mm_percpu_wq]
2516664 2 0 56 0.0 0.0 0 I 56:2]
2516976 1644656 2516976 15 127 0.0 396644 Rsl python
2517461 1644661 2517461 120 133 0.0 378124 Rsl python
2517539 2 0 28 0.0 0.0 0 I 28:0-events]
2517700 2 0 120 0.0 0.0 0 I 120:1-cgroup_free]
2517845 2 0 29 0.0 0.0 0 I 29:2-mm_percpu_wq]
2517866 2 0 30 0.0 0.0 0 I 30:0]
2518031 1644659 2518031 85 360 0.0 273772 Rsl python
2518099 1391246 2518099 107 22.7 0.0 3832 Ss bash
2518316 1764 1764 64 0.0 0.0 4704 S (udev-worker)
2518383 1 2518383 101 61.1 0.0 35888 Dsl python3
2518429 2500443 0 61 350 0.0 4088 R modprobe
2518441 2518099 2518099 64 0.0 0.0 6132 R ps
